2999.69	3608.18
2998.44	3820.66
2997.19	3655.67
2995.94	3693.12
2994.7	3762.61
2993.45	3780
2992.2	3767.34
2990.95	3714.63
2989.7	3760.05
2988.45	3695.35
2987.2	3772.78
2985.96	3756.12
2984.71	3787.5
2983.46	3676.83
2982.21	3730.2
2980.96	3715.57
2979.71	3694.94
2978.45	3762.28
2977.2	3751.64
2975.95	3657.08
2974.7	3682.43
2973.45	3739.74
2972.2	3715.13
2970.95	3786.39
2969.69	3723.85
2968.44	3693.26
2967.19	3616.79
2965.94	3568.27
2964.68	3689.38
2963.43	3732.64
2962.18	3630.27
2960.92	3693.47
2959.67	3551.27
2958.42	3626.42
2957.16	3643.74
2955.91	3615.22
2954.65	3724.2
2953.4	3586.09
2952.14	3653.21
2950.89	3572.92
2949.63	3651.96
2948.38	3828.53
2947.12	3638.77
2945.86	3721.74
2944.61	3709.16
2943.35	3589.15
2942.1	3658.16
2940.84	3643.62
2939.58	3722.54
2938.32	3556.88
2937.07	3625.85
2935.81	3651.06
2934.55	3549.09
2933.29	3705.45
2932.03	3553.84
2930.77	3640.62
2929.52	3628.09
2928.26	3633.42
2927	3551.41
2925.74	3659.97
2924.48	3621.64
2923.22	3617.05
2921.96	3547
2920.7	3615.81
2919.44	3623.13
2918.18	3610.61
2916.91	3536.64
2915.65	3577.66
2914.39	3565.16
2913.13	3550.68
2911.87	3573.84
2910.61	3492.02
2909.34	3562.72
2908.08	3488.85
2906.82	3547.64
2905.56	3590.58
2904.29	3562.26
2903.03	3496.35
2901.76	3582.8
2900.5	3516.91
2899.24	3559.82
2897.97	3569.1
2896.71	3556.62
2895.44	3603.46
2894.18	3559.36
2892.91	3489.59
2891.65	3538.38
2890.38	3466.67
2889.12	3560.87
2887.85	3455.61
2886.58	3532.01
2885.32	3478.11
2884.05	3402.52
2882.78	3394.04
2881.52	3561.16
2880.25	3420.49
2878.98	3449.49
2877.71	3486.37
2876.45	3483.8
2875.18	3567.96
2873.91	3462.89
2872.64	3480.03
2871.37	3432.15
2870.1	3427.62
2868.83	3497.94
2867.56	3505.22
2866.29	3368.76
2865.02	3484.33
2863.75	3420.75
2862.48	3426.07
2861.21	3376.29
2859.94	3438.66
2858.67	3563.95
2857.4	3419.78
2856.13	3466.38
2854.86	3412.71
2853.58	3520.23
2852.31	3444.95
2851.04	3416.85
2849.77	3532.17
2848.49	3562.99
2847.22	3383.67
2845.95	3318.29
2844.67	3411.95
2843.4	3381.93
2842.13	3512.83
2840.85	3423.93
2839.58	3452.77
2838.3	3393.33
2837.03	3384.91
2835.75	3423.54
2834.48	3417.07
2833.2	3387.08
2831.93	3462.93
2830.65	3370.24
2829.38	3375.54
2828.1	3337.74
2826.82	3444.88
2825.55	3461.91
2824.27	3328.19
2822.99	3441.15
2821.71	3305.52
2820.44	3453.66
2819.16	3439.38
2817.88	3256.87
2816.6	3361.92
2815.32	3496.26
2814.05	3356.85
2812.77	3504.84
2811.49	3408.47
2810.21	3335.58
2808.93	3348.68
2807.65	3355.92
2806.37	3286.99
2805.09	3325.47
2803.81	3342.47
2802.53	3259.91
2801.25	3413.54
2799.97	3291.96
2798.68	3402.61
2797.4	3386.42
2796.12	3376.08
2794.84	3332.6
2793.56	3355.42
2792.27	3263.22
2790.99	3406.89
2789.71	3297.18
2788.42	3351.16
2787.14	3231.76
2785.86	3279.89
2784.57	3283.22
2783.29	3385.85
2782.01	3252.89
2780.72	3277.63
2779.44	3263.45
2778.15	3459.4
2776.87	3371.26
2775.58	3287.05
2774.3	3228.14
2773.01	3272.3
2771.72	3388.38
2770.44	3352.81
2769.15	3346.4
2767.86	3367.2
2766.58	3292.79
2765.29	3377.69
2764	3406.24
2762.72	3399.82
2761.43	3387.59
2760.14	3342.36
2758.85	3378.66
2757.56	3296.58
2756.27	3365.85
2754.99	3411.82
2753.7	3267.73
2752.41	3338.91
2751.12	3340.27
2749.83	3372.64
2748.54	3401.13
2747.25	3388.92
2745.96	3423.2
2744.67	3370.32
2743.38	3439.45
2742.08	3359.47
2740.79	3476.98
2739.5	3455.09
2738.21	3529.97
2736.92	3529.36
2735.63	3534.56
2734.33	3504.93
2733.04	3655.18
2731.75	3724.15
2730.45	3655.85
2729.16	3633.95
2727.87	3795.67
2726.57	3731.24
2725.28	3881.29
2723.99	3928.91
2722.69	4046.04
2721.4	3968.1
2720.1	4090.98
2718.81	4119.22
2717.51	4259.4
2716.21	4364.79
2714.92	4389.12
2713.62	4473.23
2712.33	4638.32
2711.03	4708.87
2709.73	4765.89
2708.44	5048.43
2707.14	5174.75
2705.84	5146.88
2704.54	5363.7
2703.25	5200.96
2701.95	5311.77
2700.65	5164.5
2699.35	5205.97
2698.05	5168.49
2696.75	5194.54
2695.45	5260.99
2694.16	5050.37
2692.86	5107.21
2691.56	4987.08
2690.26	4820.84
2688.96	4841.16
2687.66	4711.53
2686.35	4629.99
2685.05	4367.85
2683.75	4409.36
2682.45	4235.71
2681.15	4140.86
2679.85	4117.1
2678.55	3916.72
2677.24	4008.18
2675.94	3865.46
2674.64	3897.41
2673.33	3601.27
2672.03	3662.03
2670.73	3642.21
2669.42	3605.15
2668.12	3522.08
2666.82	3490.8
2665.51	3444.19
2664.21	3343.95
2662.9	3354.86
2661.6	3319.8
2660.29	3365.19
2658.99	3295.67
2657.68	3302.76
2656.37	3239.01
2655.07	3272.9
2653.76	3174.74
2652.46	3160.8
2651.15	3167.9
2649.84	3175
2648.53	3205.05
2647.23	3093.6
2645.92	3179.09
2644.61	3130.75
2643.3	3030.84
2641.99	3058.97
2640.69	2955.28
2639.38	3132.4
2638.07	3143.31
2636.76	3102.67
2635.45	3014.32
2634.14	3046.24
2632.83	3125.86
2631.52	2976.5
2630.21	2995.06
2628.9	2985
2627.59	2971.13
2626.28	3024
2624.96	2931.97
2623.65	3024.86
2622.34	3047.2
2621.03	2863.76
2619.72	3040.43
2618.4	2918
2617.09	3079.37
2615.78	2907.47
2614.46	2962.17
2613.15	2876
2611.84	2964.95
2610.52	2975.85
2609.21	2920.16
2607.89	2925.36
2606.58	2856.39
2605.27	2952.86
2603.95	2824.98
2602.63	2866.3
2601.32	2919.02
2600	2848.21
2598.69	2935.1
2597.37	2866.21
2596.06	2841.02
2594.74	2929.77
2593.42	2870.41
2592.1	2850.93
2590.79	2816.27
2589.47	2906.86
2588.15	2839.96
2586.83	2871.71
2585.52	2829.49
2584.2	2937.07
2582.88	2847.46
2581.56	2926.57
2580.24	2888.16
2578.92	2804.29
2577.6	2817.06
2576.28	2875.29
2574.96	2880.47
2573.64	2773.93
2572.32	2845.39
2571	2799.47
2569.68	2819.8
2568.36	2864.72
2567.04	2828.27
2565.71	2750.23
2564.39	2772.45
2563.07	2753.05
2561.75	2801.73
2560.42	2816.36
2559.1	2706.26
2557.78	2749.25
2556.46	2831.89
2555.13	2827.62
2553.81	2693.04
2552.48	2732.23
2551.16	2741.19
2549.84	2701.07
2548.51	2800.62
2547.19	2747.3
2545.86	2741.16
2544.54	2714.28
2543.21	2751.52
2541.88	2726.53
2540.56	2748.68
2539.23	2678.46
2537.9	2679.88
2536.58	2766.08
2535.25	2788.21
2533.92	2693.54
2532.6	2734.5
2531.27	2745.32
2529.94	2712.84
2528.61	2742.48
2527.28	2745.77
2525.96	2683.2
2524.63	2737.29
2523.3	2699.19
2521.97	2593.4
2520.64	2675.68
2519.31	2714.7
2517.98	2714.22
2516.65	2719.39
2515.32	2655.02
2513.99	2654.56
2512.66	2748.01
2511.33	2792.61
2509.99	2664.44
2508.66	2692.13
2507.33	2624.09
2506	2672.42
2504.67	2747.01
2503.33	2744.66
2502	2710.41
2500.67	2691.19
2499.33	2675.72
2498	2695.87
2496.67	2597.93
2495.33	2709.92
2494	2701.95
2492.66	2611.55
2491.33	2686.02
2489.99	2674.32
2488.66	2619.55
2487.32	2673.38
2485.99	2631.73
2484.65	2648.12
2483.32	2636.43
2481.98	2697.7
2480.64	2641.12
2479.31	2655.61
2477.97	2653.28
2476.63	2621.03
2475.29	2641.14
2473.96	2663.1
2472.62	2683.19
2471.28	2738.76
2469.94	2607.54
2468.6	2651.9
2467.26	2673.84
2465.93	2686.44
2464.59	2700.9
2463.25	2678.04
2461.91	2651.44
2460.57	2636.06
2459.23	2615.08
2457.89	2614.62
2456.55	2671.96
2455.2	2570.82
2453.86	2654.25
2452.52	2596.01
2451.18	2675.68
2449.84	2650.99
2448.5	2546.22
2447.15	2573.71
2445.81	2629.12
2444.47	2505.79
2443.12	2527.69
2441.78	2536.55
2440.44	2537.96
2439.09	2548.68
2437.75	2583.57
2436.41	2614.74
2435.06	2554.78
2433.72	2610.1
2432.37	2572.47
2431.03	2531.13
2429.68	2504.68
2428.33	2496.81
2426.99	2552.09
2425.64	2520.07
2424.3	2569.76
2422.95	2476.49
2421.6	2570.72
2420.26	2529.44
2418.91	2545.7
2417.56	2393.13
2416.21	2524.4
2414.86	2575.88
2413.52	2488.28
2412.17	2517.51
2410.82	2591.21
2409.47	2503.65
2408.12	2503.21
2406.77	2428.67
2405.42	2485.66
2404.07	2509.3
2402.72	2479.24
2401.37	2543.59
2400.02	2448.75
2398.67	2540.85
2397.32	2434.94
2395.97	2567.71
2394.61	2439.63
2393.26	2489.13
2391.91	2529.37
2390.56	2440.2
2389.21	2491.52
2387.85	2422.71
2386.5	2481.4
2385.15	2421.85
2383.79	2491.61
2382.44	2360.06
2381.09	2479.66
2379.73	2475.53
2378.38	2392.04
2377.02	2439.6
2375.67	2359.83
2374.31	2470.1
2372.96	2510.24
2371.6	2413.91
2370.24	2383.99
2368.89	2425.97
2367.53	2408.95
2366.18	2425.11
2364.82	2402.58
2363.46	2418.73
2362.1	2416.46
2360.75	2467.6
2359.39	2353.01
2358.03	2405.98
2356.67	2354.03
2355.31	2412.5
2353.95	2375.28
2352.6	2389.57
2351.24	2389.15
2349.88	2379.54
2348.52	2318.45
2347.16	2338.26
2345.8	2391.15
2344.44	2427.48
2343.08	2439.91
2341.72	2397.23
2340.35	2380.28
2338.99	2392.71
2337.63	2346.39
2336.27	2410.23
2334.91	2360.25
2333.54	2356.16
2332.18	2377.76
2330.82	2294.8
2329.46	2389.76
2328.09	2264.65
2326.73	2368.75
2325.36	2335.34
2324	2395.41
2322.64	2292.37
2321.27	2326.78
2319.91	2298.89
2318.54	2318.63
2317.18	2400.62
2315.81	2363.58
2314.45	2343.03
2313.08	2280.39
2311.71	2309.27
2310.35	2321.67
2308.98	2350.52
2307.61	2265.98
2306.25	2309.47
2304.88	2228.62
2303.51	2321.45
2302.14	2280.83
2300.77	2320.63
2299.41	2327.53
2298.04	2330.77
2296.67	2363.23
2295.3	2298.9
2293.93	2269.29
2292.56	2250.63
2291.19	2246.59
2289.82	2321
2288.45	2309.64
2287.08	2312.88
2285.71	2263.24
2284.34	2292.01
2282.97	2331.71
2281.6	2220.11
2280.22	2272.57
2278.85	2294.03
2277.48	2357.39
2276.11	2275.01
2274.73	2230.9
2273.36	2265.1
2271.99	2211.91
2270.61	2242.46
2269.24	2285.74
2267.87	2219.83
2266.49	2275.83
2265.12	2289.98
2263.74	2296.85
2262.37	2234.63
2260.99	2279.68
2259.62	2210.21
2258.24	2229.81
2256.87	2242.13
2255.49	2341.65
2254.11	2217.72
2252.74	2257.28
2251.36	2287.75
2249.98	2198.39
2248.61	2256.09
2247.23	2217.58
2245.85	2142.79
2244.47	2196.84
2243.09	2230.91
2241.71	2232.33
2240.34	2226.49
2238.96	2249.67
2237.58	2316.33
2236.2	2243.43
2234.82	2252.09
2233.44	2349.52
2232.06	2180.66
2230.68	2183.9
2229.3	2226.96
2227.92	2273.63
2226.53	2195.4
2225.15	2207.68
2223.77	2185.58
2222.39	2199.66
2221.01	2255.34
2219.62	2258.56
2218.24	2184.03
2216.86	2194.49
2215.47	2333.26
2214.09	2262.38
2212.71	2177.06
2211.32	2225.45
2209.94	2194.35
2208.55	2264.38
2207.17	2238.71
2205.78	2204.01
2204.4	2189.18
2203.01	2131.05
2201.63	2276.81
2200.24	2195.23
2198.86	2229.11
2197.47	2106.1
2196.08	2150.8
2194.7	2148.61
2193.31	2027.48
2191.92	2147.85
2190.53	2133.06
2189.15	2156.1
2187.76	2114.29
2186.37	2128.32
2184.98	2189.15
2183.59	2197.76
2182.2	2159.58
2180.81	2155.6
2179.42	2218.18
2178.03	2133.25
2176.64	2122.08
2175.25	2145.08
2173.86	2110.54
2172.47	2234.19
2171.08	2109.79
2169.69	2179.49
2168.3	2101.85
2166.91	2207.45
2165.51	2226.81
2164.12	2080.98
2162.73	2138.06
2161.34	2132.29
2159.94	2076.28
2158.55	2115.39
2157.16	2115.01
2155.76	2134.36
2154.37	2139.37
2152.97	2058.3
2151.58	2081.24
2150.18	2168.69
2148.79	2143.22
2147.39	2092.67
2146	2101.26
2144.6	2133.12
2143.21	2195.42
2141.81	2080.44
2140.41	2115.87
2139.02	2108.34
2137.62	2082.91
2136.22	2071.8
2134.82	2135.83
2133.43	2103.26
2132.03	2124.34
2130.63	2148.99
2129.23	2139.67
2127.83	2108.91
2126.43	2056.71
2125.03	2092.08
2123.63	2120.29
2122.23	2093.12
2120.83	1998.11
2119.43	2099.52
2118.03	2147.34
2116.63	2104.12
2115.23	2146.57
2113.83	2092.67
2112.43	2097.65
2111.03	2161.47
2109.63	2027.36
2108.22	2062.65
2106.82	2071.2
2105.42	2065.48
2104.01	2057.99
2102.61	2030.9
2101.21	2041.22
2099.8	1985.65
2098.4	2045.83
2097	2047.25
2095.59	2050.44
2094.19	2010.93
2092.78	2074.62
2091.38	2052.91
2089.97	1974.28
2088.56	2059.29
2087.16	2026.91
2085.75	2145.66
2084.34	2077.73
2082.94	2024.05
2081.53	2062.78
2080.12	2032.21
2078.72	2063.82
2077.31	1960.46
2075.9	2032.9
2074.49	2032.54
2073.08	2017.98
2071.67	2038.91
2070.27	1974.67
2068.86	1970.77
2067.45	2048.46
2066.04	2053.41
2064.63	2127.51
2063.22	2010.14
2061.81	1993.83
2060.39	1956.26
2058.98	2046.26
2057.57	2061.84
2056.16	2049.07
2054.75	1938.92
2053.34	2012.93
2051.92	2007.26
2050.51	1999.83
2049.1	1992.39
2047.69	2032.72
2046.27	2034.13
2044.86	1989.55
2043.44	1973.28
2042.03	1946.41
2040.62	2016.77
2039.2	1951.02
2037.79	2010.75
2036.37	1948.55
2034.96	2002.96
2033.54	1967.28
2032.12	1871.59
2030.71	1947.16
2029.29	1925.63
2027.88	1919.99
2026.46	2002.58
2025.04	1862.86
2023.62	1931.31
2022.21	1992.68
2020.79	1867.14
2019.37	1999.02
2017.95	1956.36
2016.53	1948.96
2015.11	1913.38
2013.69	1835.53
2012.28	2002.52
2010.86	1945.81
2009.44	1897.92
2008.02	1911.66
2006.59	1907.8
2005.17	1977.85
2003.75	1921.19
2002.33	1948.99
2000.91	1885.33
1999.49	1946.54
1998.07	1881.14
1996.64	1806.98
1995.22	1875.19
1993.8	1920.54
1992.38	1860.47
1990.95	1925.12
1989.53	1879.12
1988.11	1919.16
1986.68	1896
1985.26	1913.21
1983.83	1874.26
1982.41	1923.05
1980.98	1859.55
1979.56	1876.76
1978.13	1829.07
1976.71	1972.52
1975.28	1924.83
1973.85	1915.72
1972.43	1876.83
1971	1899.27
1969.57	1853.38
1968.15	1861.81
1966.72	1845.71
1965.29	1799.86
1963.86	1843.3
1962.43	1839.47
1961	1917.88
1959.58	1845.8
1958.15	1819.23
1956.72	1902.86
1955.29	1815.08
1953.86	1849.72
1952.43	1847.64
1951	1859.55
1949.57	1899.4
1948.13	1822.19
1946.7	1825.35
1945.27	1865.19
1943.84	1917.24
1942.41	1794.69
1940.98	1918.3
1939.54	1808.01
1938.11	1901.91
1936.68	1861.44
1935.24	1862.85
1933.81	1818.92
1932.38	1865.67
1930.94	1842.67
1929.51	1840.59
1928.07	1875.12
1926.64	1815.54
1925.2	1803.02
1923.77	1938.55
1922.33	1844.16
1920.9	1819.46
1919.46	1827.83
1918.03	1827.5
1916.59	1841.1
1915.15	1844.24
1913.71	1831.74
1912.28	1845.32
1910.84	1848.47
1909.4	1809.88
1907.96	1799.13
1906.52	1831.83
1905.09	1829.76
1903.65	1879.81
1902.21	1796.1
1900.77	1771.46
1899.33	1774.61
1897.89	1805.54
1896.45	1815.63
1895.01	1865.63
1893.57	1806.3
1892.13	1753.93
1890.68	1878.5
1889.24	1803.59
1887.8	1773.79
1886.36	1759.6
1884.92	1823.41
1883.47	1795.36
1882.03	1847.01
1880.59	1792.98
1879.14	1733.77
1877.7	1828.7
1876.26	1757.38
1874.81	1729.37
1873.37	1734.25
1871.92	1789.31
1870.48	1759.57
1869.03	1776.56
1867.59	1707.05
1866.14	1739.6
1864.7	1810.17
1863.25	1737.24
1861.8	1766.31
1860.36	1689.96
1858.91	1712.12
1857.46	1772.26
1856.02	1766.76
1854.57	1792.35
1853.12	1764.4
1851.67	1717.48
1850.22	1706.81
1848.77	1758.27
1847.32	1711.37
1845.87	1695.54
1844.43	1722.82
1842.98	1700.1
1841.53	1834.26
1840.07	1758.09
1838.62	1799.13
1837.17	1691.98
1835.72	1677.89
1834.27	1675.86
1832.82	1680.73
1831.37	1692.48
1829.91	1714.55
1828.46	1746.94
1827.01	1672.63
1825.56	1720.5
1824.1	1699.55
1822.65	1723.32
1821.19	1738.48
1819.74	1676.28
1818.29	1708.63
1816.83	1710.04
1815.38	1738.95
1813.92	1693.96
1812.47	1707.4
1811.01	1713.96
1809.55	1722.23
1808.1	1715.05
1806.64	1733.63
1805.19	1659.52
1803.73	1681.52
1802.27	1655.49
1800.81	1639.75
1799.36	1690.9
1797.9	1711.17
1796.44	1697.14
1794.98	1672.84
1793.52	1663.97
1792.06	1656.82
1790.6	1673.65
1789.14	1647.65
1787.68	1674.75
1786.22	1713.83
1784.76	1667.3
1783.3	1726.9
1781.84	1646.16
1780.38	1702.32
1778.92	1577.14
1777.46	1693.15
1775.99	1718.49
1774.53	1641.25
1773.07	1666.59
1771.61	1638.95
1770.14	1746.3
1768.68	1631.52
1767.22	1684.17
1765.75	1685.58
1764.29	1627.22
1762.82	1684.96
1761.36	1638.57
1759.89	1646.81
1758.43	1694.28
1756.96	1637.68
1755.5	1637.39
1754.03	1693.36
1752.57	1635.09
1751.1	1662.06
1749.63	1719.71
1748.17	1704.06
1746.7	1710.57
1745.23	1681.3
1743.76	1691.21
1742.29	1617.68
1740.83	1602.07
1739.36	1729.44
1737.89	1695.09
1736.42	1686.28
1734.95	1636.63
1733.48	1588.71
1732.01	1641.14
1730.54	1659.55
1729.07	1601.44
1727.6	1609.65
1726.13	1611.06
1724.66	1690.62
1723.18	1608.77
1721.71	1635.66
1720.24	1647.25
1718.77	1667.32
1717.3	1575.35
1715.82	1644.65
1714.35	1676.59
1712.88	1594.85
1711.4	1687.86
1709.93	1685.86
1708.45	1656.72
1706.98	1651.33
1705.5	1595.1
1704.03	1627.01
1702.55	1608.07
1701.08	1684.02
1699.6	1692.18
1698.13	1634.29
1696.65	1666.17
1695.17	1603.22
1693.7	1660.48
1692.22	1678.8
1690.74	1575.28
1689.26	1634.2
1687.79	1630.52
1686.31	1628.53
1684.83	1678.96
1683.35	1617.8
1681.87	1669.9
1680.39	1549.61
1678.91	1684.49
1677.43	1679.12
1675.95	1590.99
1674.47	1632.92
1672.99	1668.07
1671.51	1733.6
1670.03	1686.03
1668.55	1663.79
1667.06	1636.49
1665.58	1718.84
1664.1	1691.55
1662.62	1726.65
1661.13	1665.64
1659.65	1747.93
1658.17	1700.43
1656.68	1710.23
1655.2	1748.66
1653.72	1680.97
1652.23	1768.23
1650.75	1762.86
1649.26	1770.95
1647.78	1824.49
1646.29	1819.11
1644.8	1830.55
1643.32	1762.93
1641.83	1855.11
1640.34	1843.01
1638.86	1920.01
1637.37	1891.08
1635.88	1880.65
1634.4	1972.73
1632.91	1997.57
1631.42	1995.52
1629.93	2008.59
1628.44	2088.83
1626.95	2028.01
1625.46	2015.89
1623.97	2079.29
1622.48	2094.01
1620.99	2113.76
1619.5	2096.6
1618.01	2245.47
1616.52	2221.59
1615.03	2214.48
1613.54	2219.1
1612.05	2230.42
1610.55	2270.23
1609.06	2323.42
1607.57	2406.73
1606.08	2481.65
1604.58	2481.19
1603.09	2651.48
1601.6	2821.7
1600.1	2934.97
1598.61	3023.1
1597.11	3131.28
1595.62	3048.76
1594.12	3019.77
1592.63	2975.76
1591.13	2734.52
1589.64	2715.64
1588.14	2583.14
1586.64	2510.84
1585.15	2388.45
1583.65	2371.31
1582.15	2297.42
1580.65	2276.96
1579.16	2169.73
1577.66	2155.98
1576.16	2135.57
1574.66	2131.84
1573.16	2119.77
1571.66	2157.74
1570.16	2122.33
1568.66	2078.61
1567.16	2066.56
1565.66	2031.19
1564.16	2022.49
1562.66	2000.46
1561.16	2053.39
1559.66	2033.03
1558.16	1984.38
1556.65	2020.63
1555.15	1965.35
1553.65	1964.99
1552.15	1871.47
1550.64	1997.53
1549.14	1892.4
1547.64	1910.34
1546.13	1896.7
1544.63	1879.73
1543.12	1841.16
1541.62	1907.28
1540.11	1835.51
1538.61	1896.62
1537.1	1843.14
1535.6	1804.61
1534.09	1809.26
1532.59	1802.29
1531.08	1811.92
1529.57	1773.43
1528.06	1736.61
1526.56	1741.27
1525.05	1687.89
1523.54	1735.66
1522.03	1766.83
1520.52	1726.73
1519.01	1742.99
1517.51	1731.07
1516	1608.19
1514.49	1730.43
1512.98	1629.12
1511.47	1620.55
1509.96	1630.18
1508.44	1684.49
1506.93	1669.29
1505.42	1645.82
1503.91	1676.94
1502.4	1655.14
1500.89	1633.34
1499.37	1638
1497.86	1652.58
1496.35	1634.1
1494.83	1671.79
1493.32	1645.06
1491.81	1611.73
1490.29	1568.5
1488.78	1635.9
1487.26	1622.39
1485.75	1646.85
1484.23	1605.3
1482.72	1619.85
1481.2	1670.68
1479.69	1634.09
1478.17	1630.5
1476.65	1659.87
1475.14	1580.46
1473.62	1565.33
1472.1	1599.64
1470.58	1601
1469.07	1599.05
1467.55	1534.55
1466.03	1585.3
1464.51	1632.74
1462.99	1548.51
1461.47	1559.74
1459.95	1592.35
1458.43	1595.35
1456.91	1599.99
1455.39	1586.54
1453.87	1571.46
1452.35	1589.25
1450.83	1565.95
1449.3	1539.37
1447.78	1644.21
1446.26	1604.5
1444.74	1571.36
1443.21	1602.26
1441.69	1628.23
1440.17	1619.73
1438.64	1609.58
1437.12	1601.08
1435.6	1581.11
1434.07	1569.34
1432.55	1551.01
1431.02	1591.71
1429.5	1606.16
1427.97	1620.62
1426.45	1626.87
1424.92	1629.85
1423.39	1598.43
1421.87	1588.31
1420.34	1573.28
1418.81	1597.55
1417.28	1580.89
1415.76	1616.59
1414.23	1609.75
1412.7	1624.17
1411.17	1561.73
1409.64	1564.71
1408.11	1593.85
1406.58	1528.18
1405.05	1563.85
1403.52	1581.53
1401.99	1581.24
1400.46	1610.34
1398.93	1595.35
1397.4	1537.91
1395.87	1550.69
1394.34	1587.94
1392.8	1574.59
1391.27	1605.3
1389.74	1582.17
1388.21	1562.3
1386.67	1594.62
1385.14	1582.92
1383.6	1567.96
1382.07	1556.26
1380.54	1586.93
1379	1552.43
1377.47	1552.14
1375.93	1564.88
1374.4	1571.1
1372.86	1603.37
1371.32	1604.7
1369.79	1555.59
1368.25	1600.85
1366.71	1582.66
1365.18	1647.42
1363.64	1619.48
1362.1	1625.68
1360.56	1617.25
1359.02	1628.33
1357.49	1676.77
1355.95	1702.45
1354.41	1656.66
1352.87	1698.57
1351.33	1725.86
1349.79	1668.73
1348.25	1655.43
1346.71	1586.98
1345.17	1645.09
1343.62	1596.12
1342.08	1571.5
1340.54	1564.72
1339	1574.16
1337.46	1518.76
1335.91	1523.34
1334.37	1498.75
1332.83	1456.35
1331.28	1439.89
1329.74	1467.15
1328.2	1418.31
1326.65	1445.56
1325.11	1463.1
1323.56	1402.96
1322.02	1464.17
1320.47	1418.61
1318.93	1415.11
1317.38	1348.56
1315.83	1417.82
1314.29	1369.07
1312.74	1376.89
1311.19	1366.94
1309.65	1397.39
1308.1	1338.98
1306.55	1369.41
1305	1406.3
1303.45	1360.83
1301.9	1396.09
1300.35	1349.03
1298.8	1385.89
1297.25	1396.93
1295.7	1330.54
1294.15	1344.81
1292.6	1363.9
1291.05	1284.67
1289.5	1374.68
1287.95	1334.14
1286.4	1358.06
1284.85	1325.59
1283.29	1320.52
1281.74	1280.02
1280.19	1315.2
1278.63	1353.58
1277.08	1274.48
1275.53	1275.85
1273.97	1277.22
1272.42	1342.92
1270.86	1220.47
1269.31	1273.3
1267.75	1260.2
1266.2	1255.14
1264.64	1246.88
1263.09	1235.4
1261.53	1294.6
1259.97	1273.48
1258.42	1239.53
1256.86	1228.06
1255.3	1277.59
1253.74	1221.18
1252.18	1200.1
1250.63	1204.69
1249.07	1247.77
1247.51	1266.78
1245.95	1197.6
1244.39	1231.04
1242.83	1179.53
1241.27	1212.96
1239.71	1198.32
1238.15	1246.14
1236.59	1186.66
1235.02	1178.43
1233.46	1181.41
1231.9	1200.4
1230.34	1184.18
1228.78	1195.15
1227.21	1183.73
1225.65	1157.92
1224.09	1167.3
1222.52	1195.86
1220.96	1166.87
1219.39	1125.1
1217.83	1132.88
1216.27	1099.12
1214.7	1158.01
1213.13	1149.81
1211.57	1179.94
1210	1179.72
1208.44	1118.84
1206.87	1107.47
1205.3	1132.79
1203.74	1107.05
1202.17	1173.83
1200.6	1168.83
1199.03	1111.22
1197.46	1112.6
1195.9	1158.61
1194.33	1110.6
1192.76	1135.88
1191.19	1051.25
1189.62	1103.6
1188.05	1081.11
1186.48	1072.95
1184.91	1139.59
1183.34	1107.55
1181.76	1027.8
1180.19	1088.05
1178.62	1065.58
1177.05	1100.37
1175.48	1103.34
1173.9	1068.17
1172.33	1104.52
1170.76	1075.71
1169.18	1054.86
1167.61	1030.84
1166.03	1079.87
1164.46	1057.44
1162.88	1041.37
1161.31	1034.83
1159.73	1039.4
1158.16	1037.61
1156.58	986.66
1155.01	1040.4
1153.43	1016.42
1151.85	1022.57
1150.28	1008.11
1148.7	957.213
1147.12	1018.83
1145.54	999.628
1143.96	956.676
1142.39	1032.51
1140.81	1000.65
1139.23	998.881
1137.65	990.78
1136.07	981.101
1134.49	942.946
1132.91	988.643
1131.33	978.969
1129.75	947.161
1128.16	978.602
1126.58	973.677
1125	975.076
1123.42	932.232
1121.84	954.174
1120.25	1001.38
1118.67	945.921
1117.09	955.217
1115.5	943.988
1113.92	937.498
1112.33	1006.75
1110.75	946.614
1109.16	966.942
1107.58	944.682
1105.99	983.925
1104.41	892.303
1102.82	959.913
1101.24	951.854
1099.65	898.104
1098.06	934.169
1096.47	933.994
1094.89	935.393
1093.3	924.197
1091.71	930.32
1090.12	879.783
1088.53	904.795
1086.94	907.772
1085.36	890.299
1083.77	905.859
1082.18	922.985
1080.59	910.235
1079	888.06
1077.4	963.325
1075.81	901.867
1074.22	909.553
1072.63	907.811
1071.04	893.508
1069.45	902.761
1067.85	896.312
1066.26	908.7
1064.67	919.513
1063.07	917.772
1061.48	916.031
1059.89	878.221
1058.29	881.192
1056.7	912.38
1055.1	943.556
1053.51	957.482
1051.91	896.198
1050.31	875.666
1048.72	898.994
1047.12	934.841
1045.52	919.009
1043.93	859.355
1042.33	876.409
1040.73	868.42
1039.13	921.448
1037.54	910.326
1035.94	908.591
1034.34	903.729
1032.74	903.559
1031.14	933.086
1029.54	882.905
1027.94	915.549
1026.34	941.932
1024.74	869.913
1023.14	965
1021.54	953.89
1019.93	942.785
1018.33	980.062
1016.73	987.679
1015.13	964.093
1013.53	967.031
1011.92	998.038
1010.32	966.667
1008.71	980.515
1007.11	969.421
1005.51	1014.43
1003.9	928.549
1002.3	982.892
1000.69	982.707
999.086	952.938
