2999.69	1118.54
2998.44	1154.62
2997.19	1182.48
2995.94	1148.21
2994.7	1190.09
2993.45	1171.86
2992.2	1179.67
2990.95	1165.45
2989.7	1177.27
2988.45	1203.09
2987.2	1070.79
2985.96	1194.68
2984.71	1174.46
2983.46	1176.26
2982.21	1074.06
2980.96	1131.87
2979.71	1191.66
2978.45	1167.47
2977.2	1203.24
2975.95	1107.12
2974.7	1184.85
2973.45	1156.68
2972.2	1120.53
2970.95	1112.35
2969.69	1134.13
2968.44	1115.96
2967.19	1195.62
2965.94	1135.54
2964.68	1117.39
2963.43	1123.18
2962.18	1154.91
2960.92	1090.89
2959.67	1114.63
2958.42	1116.44
2957.16	1128.2
2955.91	1132
2954.65	1131.8
2953.4	1107.7
2952.14	1127.43
2950.89	1117.28
2949.63	1142.98
2948.38	1144.78
2947.12	1084.86
2945.86	1074.73
2944.61	1144.19
2943.35	1126.09
2942.1	1104.01
2940.84	1068.03
2939.58	1113.58
2938.32	1119.35
2937.07	1117.17
2935.81	1115
2934.55	1186.34
2933.29	1062.96
2932.03	1052.84
2930.77	1078.48
2929.52	1143.83
2928.26	1157.53
2927	1093.81
2925.74	1087.67
2924.48	1105.34
2923.22	1097.22
2921.96	1093.06
2920.7	1094.86
2919.44	1060.96
2918.18	1153.97
2916.91	1133.95
2915.65	1090.15
2914.39	1139.5
2913.13	1081.85
2911.87	1089.59
2910.61	1156.75
2909.34	1122.88
2908.08	1075.17
2906.82	1108.64
2905.56	1120.32
2904.29	1102.32
2903.03	1068.5
2901.76	1143.49
2900.5	1058.24
2899.24	1127.28
2897.97	1051.94
2896.71	1122.94
2895.44	1128.67
2894.18	1114.65
2892.91	1031.46
2891.65	1056.97
2890.38	1090.37
2889.12	1086.23
2887.85	1090
2886.58	1117.45
2885.32	1056.07
2884.05	1109.17
2882.78	1093.2
2881.52	1049.6
2880.25	1025.75
2878.98	1031.49
2877.71	1114.14
2876.45	1137.61
2875.18	1088.13
2873.91	1089.91
2872.64	1030.61
2871.37	1123.03
2870.1	1032.23
2868.83	1028.11
2867.56	1053.53
2866.29	1059.26
2865.02	1061.05
2863.75	1064.8
2862.48	1070.52
2861.21	1070.34
2859.94	1054.42
2858.67	1111.28
2857.4	1083.55
2856.13	1077.47
2854.86	1067.46
2853.58	1081.03
2852.31	1051.37
2851.04	1045.29
2849.77	1084.4
2848.49	1066.54
2847.22	1115.45
2845.95	1001.38
2844.67	1075.81
2843.4	1050.1
2842.13	1049.92
2840.85	996.766
2839.58	1090.76
2838.3	1023.88
2837.03	1055.09
2835.75	1013.73
2834.48	1064.53
2833.2	1056.5
2831.93	1083.76
2830.65	1050.26
2829.38	1069.67
2828.1	1038.15
2826.82	1037.97
2825.55	1014.29
2824.27	1059.15
2822.99	1010.03
2821.71	1037.26
2820.44	1058.6
2819.16	1046.68
2817.88	1068.02
2816.6	1042.41
2815.32	1071.56
2814.05	1047.92
2812.77	994.959
2811.49	1039.74
2810.21	1021.97
2808.93	1029.61
2807.65	992.321
2806.37	1029.26
2805.09	986.121
2803.81	1021.09
2802.53	1048.25
2801.25	1018.79
2799.97	1030.32
2798.68	1067.22
2797.4	1037.77
2796.12	984.934
2794.84	1053.02
2793.56	963.148
2792.27	1076.05
2790.99	982.307
2789.71	1025.01
2788.42	966.382
2787.14	1049.98
2785.86	1032.27
2784.57	1002.88
2783.29	1051.38
2782.01	1025.9
2780.72	1039.34
2779.44	1041.11
2778.15	980.616
2776.87	992.119
2775.58	1021.12
2774.3	950.94
2773.01	1016.88
2771.72	981.716
2770.44	964.054
2769.15	1008.58
2767.86	1002.58
2766.58	998.523
2765.29	998.351
2764	1075.86
2762.72	992.182
2761.43	970.656
2760.14	976.312
2758.85	997.49
2757.56	1007.02
2756.27	966.107
2754.99	996.974
2753.7	1016.2
2752.41	1064.49
2751.12	959.624
2749.83	1004.04
2748.54	988.363
2747.25	939.751
2745.96	941.526
2744.67	937.49
2743.38	976.061
2742.08	991.383
2740.79	993.148
2739.5	977.491
2738.21	994.74
2736.92	955.869
2735.63	928.619
2734.33	1025.17
2733.04	953.44
2731.75	1024.82
2730.45	1022.71
2729.16	1005.14
2727.87	993.367
2726.57	993.195
2725.28	1035.53
2723.99	1008.3
2722.69	1004.27
2721.4	990.578
2720.1	976.892
2718.81	1015.33
2717.51	1017.08
2716.21	995.682
2714.92	1063.03
2713.62	1045.49
2712.33	1089.67
2711.03	1066.34
2709.73	1023.74
2708.44	1083.32
2707.14	1019.53
2705.84	1052.11
2704.54	1048.08
2703.25	1055.6
2701.95	1070.83
2700.65	1043.68
2699.35	1097.41
2698.05	972.1
2696.75	1095.11
2695.45	1012.17
2694.16	1006.23
2692.86	1034.91
2691.56	1028.96
2690.26	1053.78
2688.96	1017.07
2687.66	1072.64
2686.35	1001.34
2685.05	1053.05
2683.75	949.117
2682.45	1008.5
2681.15	948.788
2679.85	1008.15
2678.55	944.62
2677.24	957.893
2675.94	946.212
2674.64	957.562
2673.33	953.558
2672.03	980.249
2670.73	932.131
2669.42	951.145
2668.12	979.74
2666.82	985.321
2665.51	931.485
2664.21	971.566
2662.9	969.481
2661.6	971.229
2660.29	919.347
2658.99	944.083
2657.68	943.919
2656.37	903.555
2655.07	949.334
2653.76	937.687
2652.46	979.617
2651.15	956.492
2649.84	912.335
2648.53	935.124
2647.23	896.723
2645.92	887.009
2644.61	965.219
2643.3	928.743
2641.99	840.691
2640.69	960.896
2639.38	907.249
2638.07	926.189
2636.76	924.119
2635.45	923.958
2634.14	887.533
2632.83	908.371
2631.52	896.765
2630.21	888.979
2628.9	938.415
2627.59	934.438
2626.28	924.743
2624.96	909.331
2623.65	918.704
2622.34	901.393
2621.03	836.454
2619.72	916.32
2618.4	851.401
2617.09	885.532
2615.78	900.61
2614.46	839.535
2613.15	854.616
2611.84	839.243
2610.52	888.568
2609.21	892.219
2607.89	941.517
2606.58	901.417
2605.27	840.416
2603.95	903.005
2602.63	929.458
2601.32	919.794
2600	855.032
2598.69	847.284
2597.37	883.226
2596.06	864.082
2594.74	915.197
2593.42	863.781
2592.1	899.694
2590.79	893.845
2589.47	886.099
2588.15	889.74
2586.83	863.03
2585.52	849.605
2584.2	889.275
2582.88	889.12
2581.56	887.07
2580.24	909.657
2578.92	894.341
2577.6	799.462
2576.28	869.406
2574.96	905.236
2573.64	819.873
2572.32	825.409
2571	882.05
2569.68	895.144
2568.36	898.772
2567.04	858.887
2565.71	871.978
2564.39	864.262
2563.07	852.766
2561.75	862.07
2560.42	824.116
2559.1	886.338
2557.78	818.161
2556.46	816.129
2555.13	797.098
2553.81	817.733
2552.48	866.684
2551.16	787.242
2549.84	898.47
2548.51	836.035
2547.19	784.944
2545.86	835.744
2544.54	854.46
2543.21	758.131
2541.88	873.018
2540.56	837.046
2539.23	827.476
2537.9	823.562
2536.58	838.493
2535.25	825.159
2533.92	828.782
2532.6	751.424
2531.27	868.035
2529.94	830.231
2528.61	809.381
2527.28	822.413
2525.96	780.874
2524.63	824.008
2523.3	833.269
2521.97	859.452
2520.64	827.337
2519.31	814.033
2517.98	843.965
2516.65	802.472
2515.32	789.179
2513.99	832.251
2512.66	830.227
2511.33	771.864
2509.99	799.894
2508.66	765.962
2507.33	846.541
2506	791.968
2504.67	870.638
2503.33	846.097
2502	849.701
2500.67	797.041
2499.33	796.902
2498	763.017
2496.67	777.879
2495.33	783.365
2494	785.102
2492.66	805.573
2491.33	775.462
2489.99	803.418
2488.66	814.512
2487.32	831.219
2485.99	816.099
2484.65	799.114
2483.32	724.128
2481.98	802.576
2480.64	836.104
2479.31	792.944
2477.97	796.545
2476.63	773.972
2475.29	807.481
2473.96	811.078
2472.62	797.856
2471.28	780.903
2469.94	812.52
2468.6	780.63
2467.26	787.962
2465.93	851.298
2464.59	821.284
2463.25	854.732
2461.91	804.203
2460.57	764.885
2459.23	779.673
2457.89	777.672
2456.55	816.692
2455.2	769.942
2453.86	760.488
2452.52	782.718
2451.18	760.221
2449.84	722.829
2448.5	746.917
2447.15	767.271
2445.81	772.723
2444.47	780.034
2443.12	772.452
2441.78	796.51
2440.44	762.878
2439.09	799.951
2437.75	747.73
2436.41	777.354
2435.06	753.046
2433.72	760.35
2432.37	756.499
2431.03	782.384
2429.68	750.66
2428.33	787.683
2426.99	770.828
2425.64	774.407
2424.3	755.704
2422.95	811.264
2421.6	740.59
2420.26	734.892
2418.91	760.74
2417.56	808.84
2416.21	760.473
2414.86	808.556
2413.52	769.477
2412.17	741.534
2410.82	743.257
2409.47	735.714
2408.12	800.435
2406.77	755.834
2405.42	735.327
2404.07	733.346
2402.72	770.248
2401.37	803.435
2400.02	758.872
2398.67	756.888
2397.32	743.804
2395.97	764.022
2394.61	723.197
2393.26	748.959
2391.91	724.791
2390.56	720.967
2389.21	733.778
2387.85	763.217
2386.5	729.825
2385.15	762.949
2383.79	807.143
2382.44	751.6
2381.09	779.164
2379.73	721.8
2378.38	738.284
2377.02	791.67
2375.67	741.715
2374.31	741.584
2372.96	745.142
2371.6	693.377
2370.24	778.068
2368.89	711.567
2367.53	709.599
2366.18	770.286
2364.82	705.665
2363.46	705.54
2362.1	755.145
2360.75	786.318
2359.39	765.926
2358.03	708.725
2356.67	745.411
2355.31	723.198
2353.95	715.711
2352.6	746.857
2351.24	689.71
2349.88	776.017
2348.52	735.431
2347.16	711.404
2345.8	764.579
2344.44	705.641
2343.08	707.354
2341.72	727.436
2340.35	697.922
2338.99	719.834
2337.63	706.856
2336.27	732.43
2334.91	713.948
2333.54	713.822
2332.18	798.092
2330.82	660.374
2329.46	717.113
2328.09	746.326
2326.73	733.361
2325.36	661.741
2324	720.273
2322.64	725.643
2321.27	732.843
2319.91	701.574
2318.54	719.765
2317.18	673.859
2315.81	721.342
2314.45	717.553
2313.08	691.804
2311.71	702.661
2310.35	709.856
2308.98	720.706
2307.61	716.921
2306.25	738.737
2304.88	680.103
2303.51	674.499
2302.14	687.173
2300.77	692.534
2299.41	719.816
2298.04	684.983
2296.67	688.514
2295.3	681.089
2293.93	668.189
2292.56	742.91
2291.19	722.703
2289.82	713.452
2288.45	713.326
2287.08	727.793
2285.71	691.19
2284.34	681.951
2282.97	678.184
2281.6	643.432
2280.22	679.767
2278.85	725.199
2277.48	674.061
2276.11	690.335
2274.73	682.929
2273.36	668.241
2271.99	669.944
2270.61	717.15
2269.24	709.744
2267.87	667.769
2266.49	653.097
2265.12	652.982
2263.74	669.233
2262.37	667.297
2260.99	727.17
2259.62	661.608
2258.24	710.557
2256.87	730.418
2255.49	724.839
2254.11	681.119
2252.74	739.11
2251.36	708.113
2249.98	704.357
2248.61	662.487
2247.23	685.961
2245.85	684.025
2244.47	678.462
2243.09	680.155
2241.71	636.513
2240.34	681.728
2238.96	710.611
2237.58	677.861
2236.2	621.565
2234.82	666.75
2233.44	663.009
2232.06	675.57
2230.68	682.694
2229.3	655.415
2227.92	669.78
2226.53	631.654
2225.15	662.305
2223.77	716.465
2222.39	624.082
2221.01	591.417
2219.62	636.519
2218.24	649.062
2216.86	688.715
2215.47	656.061
2214.09	650.524
2212.71	657.635
2211.32	646.681
2209.94	662.82
2208.55	671.731
2207.17	669.807
2205.78	676.908
2204.4	665.96
2203.01	642.384
2201.63	627.837
2200.24	663.802
2198.86	676.308
2197.47	659.96
2196.08	632.8
2194.7	665.133
2193.31	692.048
2191.92	646.878
2190.53	641.359
2189.15	646.648
2187.76	630.325
2186.37	641.017
2184.98	653.505
2183.59	629.99
2182.2	646.075
2180.81	611.773
2179.42	629.654
2178.03	618.75
2176.64	660.003
2175.25	618.53
2173.86	657.97
2172.47	638.082
2171.08	602.027
2169.69	596.529
2168.3	617.981
2166.91	630.444
2165.51	641.107
2164.12	603.287
2162.73	624.722
2161.34	644.355
2159.94	620.911
2158.55	638.743
2157.16	631.454
2155.76	584.708
2154.37	668.888
2152.97	636.496
2151.58	593.36
2150.18	629.1
2148.79	643.324
2147.39	637.835
2146	594.729
2144.6	598.205
2143.21	626.75
2141.81	637.381
2140.41	637.268
2139.02	644.313
2137.62	638.83
2136.22	576.097
2134.82	611.771
2133.43	617.027
2132.03	661.622
2130.63	613.232
2129.23	593.46
2127.83	604.077
2126.43	603.97
2125.03	602.076
2123.63	643.052
2122.23	664.369
2120.83	637.466
2119.43	624.856
2118.03	610.465
2116.63	615.71
2115.23	583.482
2113.83	588.73
2112.43	604.678
2111.03	631.322
2109.63	618.728
2108.22	613.269
2106.82	609.595
2105.42	557.805
2104.01	605.814
2102.61	595.017
2101.21	600.254
2099.8	621.518
2098.4	567.991
2097	582.131
2095.59	574.908
2094.19	594.381
2092.78	635.198
2091.38	585.274
2089.97	615.406
2088.56	592.178
2087.16	588.517
2085.75	568.857
2084.34	611.412
2082.94	618.411
2081.53	579.213
2080.12	550.687
2078.72	587.887
2077.31	564.697
2075.9	605.431
2074.49	587.572
2073.08	592.791
2071.67	580.264
2070.27	604.999
2068.86	588.926
2067.45	594.142
2066.04	562.117
2064.63	588.611
2063.22	623.957
2061.81	604.351
2060.39	581.207
2058.98	623.623
2057.57	559.743
2056.16	556.101
2054.75	589.645
2053.34	568.295
2051.92	585.894
2050.51	575.171
2049.1	587.454
2047.69	583.811
2046.27	551.868
2044.86	597.75
2043.44	541.062
2042.03	556.876
2040.62	539.101
2039.2	570.814
2037.79	591.915
2036.37	549.411
2034.96	574.041
2033.54	568.64
2032.12	536.757
2030.71	563.141
2029.29	561.275
2027.88	536.469
2026.46	527.551
2025.04	580.378
2023.62	548.527
2022.21	555.482
2020.79	574.777
2019.37	537.656
2017.95	511.122
2016.53	560.371
2015.11	542.652
2013.69	560.171
2012.28	545.98
2010.86	554.687
2009.44	556.348
2008.02	561.53
2006.59	575.509
2005.17	596.521
2003.75	534.838
2002.33	515.393
2000.91	548.716
1999.49	531.034
1998.07	534.455
1996.64	565.998
1995.22	539.535
1993.8	541.196
1992.38	551.64
1990.95	546.271
1989.53	549.686
1988.11	553.099
1986.68	545.977
1985.26	535.348
1983.83	487.869
1982.41	535.156
1980.98	550.849
1979.56	536.718
1978.13	562.927
1976.71	526.005
1975.28	531.17
1973.85	531.075
1972.43	537.989
1971	529.132
1969.57	529.037
1968.15	551.711
1966.72	518.34
1965.29	556.765
1963.86	0
1962.43	0
1961	0
1959.58	0
1958.15	0
1956.72	0
1955.29	0
1953.86	0
1952.43	0
1951	0
1949.57	0
1948.13	0
1946.7	0
1945.27	0
1943.84	0
1942.41	0
1940.98	0
1939.54	0
1938.11	0
1936.68	0
1935.24	0
1933.81	0
1932.38	0
1930.94	0
1929.51	0
1928.07	0
1926.64	0
1925.2	0
1923.77	0
1922.33	0
1920.9	0
1919.46	0
1918.03	0
1916.59	0
1915.15	0
1913.71	0
1912.28	0
1910.84	0
1909.4	0
1907.96	0
1906.52	0
1905.09	0
1903.65	0
1902.21	0
1900.77	0
1899.33	0
1897.89	0
1896.45	0
1895.01	0
1893.57	0
1892.13	0
1890.68	0
1889.24	0
1887.8	0
1886.36	0
1884.92	0
1883.47	0
1882.03	0
1880.59	0
1879.14	0
1877.7	0
1876.26	0
1874.81	0
1873.37	0
1871.92	0
1870.48	0
1869.03	0
1867.59	0
1866.14	0
1864.7	0
1863.25	0
1861.8	0
1860.36	0
1858.91	0
1857.46	0
1856.02	0
1854.57	0
1853.12	0
1851.67	0
1850.22	0
1848.77	0
1847.32	0
1845.87	0
1844.43	0
1842.98	0
1841.53	0
1840.07	0
1838.62	0
1837.17	0
1835.72	0
1834.27	0
1832.82	0
1831.37	0
1829.91	0
1828.46	0
1827.01	0
1825.56	0
1824.1	0
1822.65	0
1821.19	0
1819.74	0
1818.29	0
1816.83	0
1815.38	0
1813.92	0
1812.47	0
1811.01	0
1809.55	0
1808.1	0
1806.64	0
1805.19	0
1803.73	0
1802.27	0
1800.81	0
1799.36	0
1797.9	0
1796.44	0
1794.98	0
1793.52	0
1792.06	0
1790.6	0
1789.14	0
1787.68	0
1786.22	0
1784.76	0
1783.3	0
1781.84	0
1780.38	0
1778.92	0
1777.46	0
1775.99	0
1774.53	0
1773.07	0
1771.61	0
1770.14	0
1768.68	0
1767.22	0
1765.75	0
1764.29	0
1762.82	0
1761.36	0
1759.89	0
1758.43	0
1756.96	0
1755.5	0
1754.03	0
1752.57	0
1751.1	0
1749.63	0
1748.17	0
1746.7	0
1745.23	0
1743.76	0
1742.29	0
1740.83	0
1739.36	0
1737.89	0
1736.42	0
1734.95	0
1733.48	0
1732.01	0
1730.54	0
1729.07	0
1727.6	0
1726.13	0
1724.66	0
1723.18	0
1721.71	0
1720.24	0
1718.77	0
1717.3	0
1715.82	0
1714.35	0
1712.88	0
1711.4	0
1709.93	0
1708.45	0
1706.98	0
1705.5	0
1704.03	0
1702.55	0
1701.08	0
1699.6	0
1698.13	0
1696.65	0
1695.17	0
1693.7	0
1692.22	0
1690.74	0
1689.26	0
1687.79	0
1686.31	0
1684.83	0
1683.35	0
1681.87	0
1680.39	0
1678.91	0
1677.43	0
1675.95	0
1674.47	0
1672.99	0
1671.51	0
1670.03	0
1668.55	0
1667.06	0
1665.58	0
1664.1	0
1662.62	0
1661.13	0
1659.65	0
1658.17	0
1656.68	0
1655.2	0
1653.72	0
1652.23	0
1650.75	0
1649.26	0
1647.78	0
1646.29	0
1644.8	0
1643.32	0
1641.83	0
1640.34	0
1638.86	0
1637.37	0
1635.88	0
1634.4	0
1632.91	0
1631.42	0
1629.93	0
1628.44	0
1626.95	0
1625.46	0
1623.97	0
1622.48	0
1620.99	0
1619.5	0
1618.01	0
1616.52	0
1615.03	0
1613.54	0
1612.05	0
1610.55	0
1609.06	0
1607.57	0
1606.08	0
1604.58	0
1603.09	0
1601.6	0
1600.1	0
1598.61	0
1597.11	0
1595.62	0
1594.12	0
1592.63	0
1591.13	0
1589.64	0
1588.14	0
1586.64	0
1585.15	0
1583.65	0
1582.15	0
1580.65	0
1579.16	0
1577.66	0
1576.16	0
1574.66	0
1573.16	0
1571.66	0
1570.16	0
1568.66	0
1567.16	0
1565.66	0
1564.16	0
1562.66	0
1561.16	0
1559.66	0
1558.16	0
1556.65	0
1555.15	0
1553.65	0
1552.15	0
1550.64	0
1549.14	0
1547.64	0
1546.13	0
1544.63	0
1543.12	0
1541.62	0
1540.11	0
1538.61	0
1537.1	0
1535.6	0
1534.09	0
1532.59	0
1531.08	0
1529.57	0
1528.06	0
1526.56	0
1525.05	0
1523.54	0
1522.03	0
1520.52	0
1519.01	0
1517.51	0
1516	0
1514.49	0
1512.98	0
1511.47	0
1509.96	0
1508.44	0
1506.93	0
1505.42	0
1503.91	0
1502.4	0
1500.89	0
1499.37	0
1497.86	0
1496.35	0
1494.83	0
1493.32	0
1491.81	0
1490.29	0
1488.78	0
1487.26	0
1485.75	0
1484.23	0
1482.72	0
1481.2	0
1479.69	0
1478.17	0
1476.65	0
1475.14	0
1473.62	0
1472.1	0
1470.58	0
1469.07	0
1467.55	0
1466.03	0
1464.51	0
1462.99	0
1461.47	0
1459.95	0
1458.43	0
1456.91	0
1455.39	0
1453.87	0
1452.35	0
1450.83	0
1449.3	0
1447.78	0
1446.26	0
1444.74	0
1443.21	0
1441.69	0
1440.17	0
1438.64	0
1437.12	0
1435.6	0
1434.07	0
1432.55	0
1431.02	0
1429.5	0
1427.97	0
1426.45	0
1424.92	0
1423.39	0
1421.87	0
1420.34	0
1418.81	0
1417.28	0
1415.76	0
1414.23	0
1412.7	0
1411.17	0
1409.64	0
1408.11	0
1406.58	0
1405.05	0
1403.52	0
1401.99	0
1400.46	0
1398.93	0
1397.4	0
1395.87	0
1394.34	0
1392.8	0
1391.27	0
1389.74	0
1388.21	0
1386.67	0
1385.14	0
1383.6	0
1382.07	0
1380.54	0
1379	0
1377.47	0
1375.93	0
1374.4	0
1372.86	0
1371.32	0
1369.79	0
1368.25	0
1366.71	0
1365.18	0
1363.64	0
1362.1	0
1360.56	0
1359.02	0
1357.49	0
1355.95	0
1354.41	0
1352.87	0
1351.33	0
1349.79	0
1348.25	0
1346.71	0
1345.17	0
1343.62	0
1342.08	0
1340.54	0
1339	0
1337.46	0
1335.91	0
1334.37	0
1332.83	0
1331.28	0
1329.74	0
1328.2	0
1326.65	0
1325.11	0
1323.56	0
1322.02	0
1320.47	0
1318.93	0
1317.38	0
1315.83	0
1314.29	0
1312.74	0
1311.19	0
1309.65	0
1308.1	0
1306.55	0
1305	0
1303.45	0
1301.9	0
1300.35	0
1298.8	0
1297.25	0
1295.7	0
1294.15	0
1292.6	0
1291.05	0
1289.5	0
1287.95	0
1286.4	0
1284.85	0
1283.29	0
1281.74	0
1280.19	0
1278.63	0
1277.08	0
1275.53	0
1273.97	0
1272.42	0
1270.86	0
1269.31	0
1267.75	0
1266.2	0
1264.64	0
1263.09	0
1261.53	0
1259.97	0
1258.42	0
1256.86	0
1255.3	0
1253.74	0
1252.18	0
1250.63	0
1249.07	0
1247.51	0
1245.95	0
1244.39	0
1242.83	0
1241.27	0
1239.71	0
1238.15	0
1236.59	0
1235.02	0
1233.46	0
1231.9	0
1230.34	0
1228.78	0
1227.21	0
1225.65	0
1224.09	0
1222.52	0
1220.96	0
1219.39	0
1217.83	0
1216.27	0
1214.7	0
1213.13	0
1211.57	0
1210	0
1208.44	0
1206.87	0
1205.3	0
1203.74	0
1202.17	0
1200.6	0
1199.03	0
1197.46	0
1195.9	0
1194.33	0
1192.76	0
1191.19	0
1189.62	0
1188.05	0
1186.48	0
1184.91	0
1183.34	0
1181.76	0
1180.19	0
1178.62	0
1177.05	0
1175.48	0
1173.9	0
1172.33	0
1170.76	0
1169.18	0
1167.61	0
1166.03	0
1164.46	0
1162.88	0
1161.31	0
1159.73	0
1158.16	0
1156.58	0
1155.01	0
1153.43	0
1151.85	0
1150.28	0
1148.7	0
1147.12	0
1145.54	0
1143.96	0
1142.39	0
1140.81	0
1139.23	0
1137.65	0
1136.07	0
1134.49	0
1132.91	0
1131.33	0
1129.75	0
1128.16	0
1126.58	0
1125	0
1123.42	0
1121.84	0
1120.25	0
1118.67	0
1117.09	0
1115.5	0
1113.92	0
1112.33	0
1110.75	0
1109.16	0
1107.58	0
1105.99	0
1104.41	0
1102.82	0
1101.24	0
1099.65	0
1098.06	0
1096.47	0
1094.89	0
1093.3	0
1091.71	0
1090.12	0
1088.53	0
1086.94	0
1085.36	0
1083.77	0
1082.18	0
1080.59	0
1079	0
1077.4	0
1075.81	0
1074.22	0
1072.63	0
1071.04	0
1069.45	0
1067.85	0
1066.26	0
1064.67	0
1063.07	0
1061.48	0
1059.89	0
1058.29	0
1056.7	0
1055.1	0
1053.51	0
1051.91	0
1050.31	0
1048.72	0
1047.12	0
1045.52	0
1043.93	0
1042.33	0
1040.73	0
1039.13	0
1037.54	0
1035.94	0
1034.34	0
1032.74	0
1031.14	0
1029.54	0
1027.94	0
1026.34	0
1024.74	0
1023.14	0
1021.54	0
1019.93	0
1018.33	0
1016.73	0
1015.13	0
1013.53	0
1011.92	0
1010.32	0
1008.71	0
1007.11	0
1005.51	0
1003.9	0
1002.3	0
1000.69	0
999.086	0
