2999.69	2361.35
2998.44	2317.25
2997.19	2336.9
2995.94	2376.58
2994.7	2276
2993.45	2309.67
2992.2	2397.4
2990.95	2320.89
2989.7	2344.52
2988.45	2374.15
2987.2	2383.75
2985.96	2299.3
2984.71	2306.91
2983.46	2316.52
2982.21	2312.13
2980.96	2369.72
2979.71	2317.34
2978.45	2450.88
2977.2	2296.56
2975.95	2298.16
2974.7	2333.74
2973.45	2347.32
2972.2	2296.99
2970.95	2392.45
2969.69	2420
2968.44	2369.68
2967.19	2361.29
2965.94	2273.08
2964.68	2328.56
2963.43	2236.39
2962.18	2257.95
2960.92	2307.42
2959.67	2297.06
2958.42	2230.88
2957.16	2270.36
2955.91	2337.74
2954.65	2301.47
2953.4	2378.78
2952.14	2244.91
2950.89	2208.68
2949.63	2369.59
2948.38	2249.73
2947.12	2307.07
2945.86	2364.4
2944.61	2282.41
2943.35	2230.29
2942.1	2257.76
2940.84	2273.28
2939.58	2302.72
2938.32	2250.64
2937.07	2341.69
2935.81	2301.54
2934.55	2263.39
2933.29	2231.22
2932.03	2284.47
2930.77	2274.15
2929.52	2293.62
2928.26	2263.44
2927	2386.14
2925.74	2298.4
2924.48	2256.33
2923.22	2248.01
2921.96	2323.01
2920.7	2276.99
2919.44	2207.19
2918.18	2240.52
2916.91	2244.1
2915.65	2257.59
2914.39	2306.75
2913.13	2221.16
2911.87	2286.15
2910.61	2301.61
2909.34	2188.33
2908.08	2255.28
2906.82	2243.01
2905.56	2254.5
2904.29	2258.08
2903.03	2321.01
2901.76	2354.24
2900.5	2334.06
2899.24	2319.82
2897.97	2244.28
2896.71	2374.38
2895.44	2251.42
2894.18	2229.29
2892.91	2224.96
2891.65	2228.53
2890.38	2259.75
2889.12	2300.84
2887.85	2162.22
2886.58	2274.39
2885.32	2329.27
2884.05	2263.74
2882.78	2273.22
2881.52	2213.64
2880.25	2140.27
2878.98	2193.16
2877.71	2285.46
2876.45	2304.79
2875.18	2243.28
2873.91	2317.79
2872.64	2250.4
2871.37	2177.11
2870.1	2162.95
2868.83	2263.03
2867.56	2217.35
2866.29	2244.53
2865.02	2277.61
2863.75	2218.17
2862.48	2213.86
2861.21	2286.28
2859.94	2167.85
2858.67	2252.05
2857.4	2239.87
2856.13	2298.47
2854.86	2278.42
2853.58	2221.03
2852.31	2177.41
2851.04	2253.67
2849.77	2219.88
2848.49	2284.32
2847.22	2205.37
2845.95	2261.94
2844.67	2312.59
2843.4	2282.75
2842.13	2188.16
2840.85	2077.9
2839.58	2250.19
2838.3	2155.65
2837.03	2278.83
2835.75	2258.83
2834.48	2134.93
2833.2	2218.85
2831.93	2230.23
2830.65	2151.47
2829.38	2182.44
2828.1	2182.07
2826.82	2291.37
2825.55	2159.78
2824.27	2233.8
2822.99	2227.55
2821.71	2191.94
2820.44	2258.09
2819.16	2212.7
2817.88	2192.76
2816.6	2233.46
2815.32	2156.81
2814.05	2179.9
2812.77	2202.98
2811.49	2212.38
2810.21	2213.95
2808.93	2182.31
2807.65	2219.05
2806.37	2214.76
2805.09	2218.29
2803.81	2130.05
2802.53	2157.01
2801.25	2148.83
2799.97	2220.66
2798.68	2029.08
2797.4	2165.28
2796.12	2262.42
2794.84	2223.03
2793.56	2242.15
2792.27	2115.05
2790.99	2153.67
2789.71	2133.81
2788.42	2135.39
2787.14	2175.93
2785.86	2158.03
2784.57	2149.87
2783.29	2145.6
2782.01	2145.23
2780.72	2189.63
2779.44	2230.12
2778.15	2148.02
2776.87	2207.95
2775.58	2180.34
2774.3	2117.74
2773.01	2127.09
2771.72	2157.83
2770.44	2139.97
2769.15	2092.96
2767.86	2216.95
2766.58	2140.8
2765.29	2148.2
2764	2198.32
2762.72	2106.69
2761.43	2137.38
2760.14	2117.61
2758.85	2171.58
2757.56	2204.19
2756.27	2180.53
2754.99	2162.7
2753.7	2234.08
2752.41	2158.07
2751.12	2153.82
2749.83	2176.71
2748.54	2133.7
2747.25	2158.52
2745.96	2270.51
2744.67	2151.97
2743.38	2198.07
2742.08	2172.52
2740.79	2168.28
2739.5	2262.75
2738.21	2219.78
2736.92	2174.89
2735.63	2244.16
2734.33	2224.43
2733.04	2224.05
2731.75	2233.33
2730.45	2333.48
2729.16	2296.35
2727.87	2193.52
2726.57	2399.9
2725.28	2266.18
2723.99	2316.01
2722.69	2290.5
2721.4	2359.62
2720.1	2386.24
2718.81	2403.2
2717.51	2487.71
2716.21	2529.73
2714.92	2606.46
2713.62	2490.27
2712.33	2657.63
2711.03	2607.04
2709.73	2668.28
2708.44	2789.26
2707.14	2819.61
2705.84	2857.67
2704.54	2828.27
2703.25	2881.72
2701.95	2956.33
2700.65	3113.72
2699.35	3103.56
2698.05	3093.39
2696.75	3252.6
2695.45	3146.2
2694.16	3266.87
2692.86	3168.2
2691.56	3098.41
2690.26	3205.56
2688.96	3195.39
2687.66	3083.35
2686.35	3048.22
2685.05	2920.86
2683.75	2954.94
2682.45	2942.9
2681.15	2809.87
2679.85	2953.41
2678.55	2766.66
2677.24	2825.69
2675.94	2602.56
2674.64	2682.71
2673.33	2536.43
2672.03	2582.03
2670.73	2485.68
2669.42	2435.39
2668.12	2479.07
2666.82	2461.39
2665.51	2311.46
2664.21	2443.29
2662.9	2293.42
2661.6	2354.32
2660.29	2191.11
2658.99	2232.86
2657.68	2222.9
2656.37	2180.4
2655.07	2204.9
2653.76	2114.58
2652.46	2150.57
2651.15	2012.46
2649.84	2036.97
2648.53	2168.57
2647.23	2214.08
2645.92	2112.38
2644.61	1968.66
2643.3	2149.87
2641.99	2025.3
2640.69	2044.05
2639.38	2085.72
2638.07	2056.71
2636.76	2083.09
2635.45	1985.36
2634.14	2021.29
2632.83	2072.46
2631.52	2041.57
2630.21	2050.76
2628.9	1970.29
2627.59	1948.97
2626.28	2009.65
2624.96	1866.32
2623.65	1972.73
2622.34	2006.69
2621.03	2019.68
2619.72	2065.05
2618.4	2022.79
2617.09	1990.07
2615.78	2016.38
2614.46	1981.76
2613.15	2065.16
2611.84	1998.2
2610.52	1925.55
2609.21	1980.38
2607.89	1907.76
2606.58	1848.48
2605.27	1983.15
2603.95	1933.38
2602.63	1988.17
2601.32	1955.51
2600	2040.68
2598.69	1932.04
2597.37	1935.5
2596.06	1952.25
2594.74	1932.93
2593.42	1932.59
2592.1	1936.05
2590.79	1930.02
2589.47	1965.74
2588.15	1957.81
2586.83	1951.78
2585.52	1936.26
2584.2	1977.64
2582.88	1956.44
2581.56	1978.85
2580.24	1970.92
2578.92	1856.89
2577.6	1930.45
2576.28	1932.01
2574.96	1960.08
2573.64	1914.3
2572.32	1921.54
2571	1911.74
2569.68	1873.56
2568.36	1808.9
2567.04	1927.77
2565.71	1906.62
2564.39	1911.97
2563.07	1964.58
2561.75	1852.69
2560.42	1897.74
2559.1	1884.18
2557.78	1902.74
2556.46	1879.74
2555.13	1905.86
2553.81	1884.75
2552.48	1891.98
2551.16	1870.88
2549.84	1861.12
2548.51	1855.13
2547.19	1847.26
2545.86	1797.89
2544.54	1908.86
2543.21	1853.84
2541.88	1795.06
2540.56	1870.16
2539.23	1820.82
2537.9	1797.89
2536.58	1869.18
2535.25	1821.75
2533.92	1840.27
2532.6	1806.05
2531.27	1877.29
2529.94	1777.18
2528.61	1823.93
2527.28	1857.49
2525.96	1842.11
2524.63	1871.89
2523.3	1769.99
2521.97	1797.89
2520.64	1827.66
2519.31	1832.98
2517.98	1855.22
2516.65	1892.48
2515.32	1794.44
2513.99	1812.92
2512.66	1788.18
2511.33	1870.5
2509.99	1785.68
2508.66	1826.67
2507.33	1860.14
2506	1764.1
2504.67	1814.45
2503.33	1694.07
2502	1813.82
2500.67	1774.12
2499.33	1861.94
2498	1833.49
2496.67	1842.54
2495.33	1834.72
2494	1802.55
2492.66	1843.45
2491.33	1830.02
2489.99	1788.5
2488.66	1778.82
2487.32	1780.38
2485.99	1823.12
2484.65	1789.12
2483.32	1788.8
2481.98	1736.11
2480.64	1784.44
2479.31	1843.97
2477.97	1834.3
2476.63	1779.76
2475.29	1822.44
2473.96	1835.2
2472.62	1793.78
2471.28	1782.25
2469.94	1813.69
2468.6	1764.82
2467.26	1857.87
2465.93	1827.68
2464.59	1771.36
2463.25	1851.3
2461.91	1804.33
2460.57	1787.22
2459.23	1790.64
2457.89	1831.35
2456.55	1754.58
2455.2	1737.5
2453.86	1817.34
2452.52	1824.48
2451.18	1792.48
2449.84	1792.17
2448.5	1756.46
2447.15	1694.7
2445.81	1873.15
2444.47	1805.81
2443.12	1811.07
2441.78	1751.2
2440.44	1804.86
2439.09	1800.82
2437.75	1774.46
2436.41	1709.06
2435.06	1807.31
2433.72	1792.12
2432.37	1799.24
2431.03	1741.32
2429.68	1703.85
2428.33	1763
2426.99	1753.4
2425.64	1805.09
2424.3	1708.22
2422.95	1787.75
2421.6	1742.89
2420.26	1820.53
2418.91	1755.27
2417.56	1745.68
2416.21	1747.23
2414.86	1695
2413.52	1804.1
2412.17	1742.61
2410.82	1701.52
2409.47	1736.43
2408.12	1697.22
2406.77	1730.27
2405.42	1744.78
2404.07	1757.44
2402.72	1740.46
2401.37	1679.07
2400.02	1756.51
2398.67	1763.61
2397.32	1815.1
2395.97	1690.84
2394.61	1707.19
2393.26	1719.83
2391.91	1697.34
2390.56	1689.65
2389.21	1718.93
2387.85	1718.62
2386.5	1709.08
2385.15	1743.88
2383.79	1671.54
2382.44	1767.28
2381.09	1696.8
2379.73	1674.35
2378.38	1703.59
2377.02	1673.76
2375.67	1636.57
2374.31	1641.82
2372.96	1610.17
2371.6	1709.47
2370.24	1653.86
2368.89	1675.69
2367.53	1695.67
2366.18	1713.79
2364.82	1656.38
2363.46	1643.19
2362.1	1672.37
2360.75	1712.59
2359.39	1684.67
2358.03	1616.26
2356.67	1680.4
2355.31	1635.94
2353.95	1604.37
2352.6	1648.24
2351.24	1660.82
2349.88	1735.92
2348.52	1689.65
2347.16	1612.15
2345.8	1641.27
2344.44	1618.93
2343.08	1651.72
2341.72	1614.69
2340.35	1660.32
2338.99	1685.73
2337.63	1661.57
2336.27	1677.8
2334.91	1633.45
2333.54	1585.46
2332.18	1645.72
2330.82	1672.95
2329.46	1667.15
2328.09	1644.85
2326.73	1675.73
2325.36	1649.77
2324	1625.65
2322.64	1634.53
2321.27	1628.74
2319.91	1630.29
2318.54	1723.41
2317.18	1618.73
2315.81	1592.81
2314.45	1621.82
2313.08	1656.3
2311.71	1615.76
2310.35	1641.08
2308.98	1649.94
2307.61	1556.38
2306.25	1605.47
2304.88	1577.77
2303.51	1632.32
2302.14	1558.93
2300.77	1679.26
2299.41	1662.52
2298.04	1647.61
2296.67	1625.41
2295.3	1573.99
2293.93	1679.6
2292.56	1673.83
2291.19	1604.18
2289.82	1571.05
2288.45	1497.8
2287.08	1534.02
2285.71	1568.4
2284.34	1642.88
2282.97	1576.96
2281.6	1585.79
2280.22	1596.45
2278.85	1619.85
2277.48	1563.09
2276.11	1522.74
2274.73	1549.79
2273.36	1596.86
2271.99	1587.48
2270.61	1567.17
2269.24	1626.95
2267.87	1524.77
2266.49	1569.98
2265.12	1507.86
2263.74	1556.69
2262.37	1565.51
2260.99	1619.77
2259.62	1534.06
2258.24	1521.07
2256.87	1557.14
2255.49	1576.84
2254.11	1571.11
2252.74	1581.73
2251.36	1561.48
2249.98	1548.5
2248.61	1599.04
2247.23	1566.1
2245.85	1622.06
2244.47	1583.68
2243.09	1548.94
2241.71	1548.67
2240.34	1530.26
2238.96	1520.93
2237.58	1584.09
2236.2	1572.94
2234.82	1449.46
2233.44	1617.67
2232.06	1501.47
2230.68	1571.83
2229.3	1611.38
2227.92	1538.68
2226.53	1484.11
2225.15	1500.14
2223.77	1527.01
2222.39	1528.55
2221.01	1589.77
2219.62	1565.98
2218.24	1533.16
2216.86	1541.93
2215.47	1505.51
2214.09	1559.45
2212.71	1551.95
2211.32	1497.48
2209.94	1547.78
2208.55	1459.03
2207.17	1516.54
2205.78	1552.38
2204.4	1517.81
2203.01	1476.04
2201.63	1482.99
2200.24	1574.72
2198.86	1509.52
2197.47	1556.13
2196.08	1492.76
2194.7	1514.12
2193.31	1569.72
2191.92	1520.79
2190.53	1585.38
2189.15	1469.82
2187.76	1561.41
2186.37	1469.3
2184.98	1539.25
2183.59	1502.98
2182.2	1441.52
2180.81	1542.03
2179.42	1525.56
2178.03	1489.32
2176.64	1508.83
2175.25	1494.18
2173.86	1515.49
2172.47	1495.45
2171.08	1543.7
2169.69	1458.98
2168.3	1458.72
2166.91	1487.2
2165.51	1508.49
2164.12	1456.15
2162.73	1493.59
2161.34	1486.14
2159.94	1475.11
2158.55	1456.91
2157.16	1488.94
2155.76	1488.67
2154.37	1495.58
2152.97	1412.84
2151.58	1521.94
2150.18	1442.81
2148.79	1481.98
2147.39	1420.79
2146	1413.38
2144.6	1463.27
2143.21	1380.64
2141.81	1471.71
2140.41	1532.31
2139.02	1460.44
2137.62	1469.13
2136.22	1440.24
2134.82	1495.44
2133.43	1377.13
2132.03	1401.92
2130.63	1421.34
2129.23	1508.67
2127.83	1501.26
2126.43	1450.96
2125.03	1518.59
2123.63	1489.74
2122.23	1466.26
2120.83	1465.99
2119.43	1385.39
2118.03	1395.86
2116.63	1490.2
2115.23	1431.05
2113.83	1453.98
2112.43	1476.91
2111.03	1416.02
2109.63	1446.08
2108.22	1474.34
2106.82	1468.73
2105.42	1438.17
2104.01	1379.12
2102.61	1439.44
2101.21	1426.72
2099.8	1458.52
2098.4	1463.6
2097	1465.12
2095.59	1413.24
2094.19	1480.61
2092.78	1444.76
2091.38	1357.34
2089.97	1417.57
2088.56	1440.43
2087.16	1450.84
2085.75	1374.15
2084.34	1468.1
2082.94	1432.3
2081.53	1373.41
2080.12	1472.64
2078.72	1452.84
2077.31	1411.74
2075.9	1423.92
2074.49	1375.73
2073.08	1341.77
2071.67	1430.25
2070.27	1399.84
2068.86	1420.87
2067.45	1449
2066.04	1484.2
2064.63	1462.66
2063.22	1336.55
2061.81	1385.93
2060.39	1357.33
2058.98	1408.47
2057.57	1479.07
2056.16	1406.19
2054.75	1455.52
2053.34	1354.35
2051.92	1357.65
2050.51	1320.24
2049.1	1424.4
2047.69	1353.38
2046.27	1400.9
2044.86	1335.21
2043.44	1343.81
2042.03	1400.14
2040.62	1421.1
2039.2	1357.23
2037.79	1346.39
2036.37	1339.08
2034.96	1395.36
2033.54	1382.75
2032.12	1378.97
2030.71	1410.5
2029.29	1410.25
2027.88	1376.47
2026.46	1397.39
2025.04	1353.04
2023.62	1398.66
2022.21	1377.24
2020.79	1380.52
2019.37	1353.83
2017.95	1320.1
2016.53	1358.64
2015.11	1331.96
2013.69	1322.92
2012.28	1363.19
2010.86	1371.75
2009.44	1348.62
2008.02	1325.49
2006.59	1355.17
2005.17	1325.02
2003.75	1330.06
2002.33	1317.51
2000.91	1371.79
1999.49	1346.93
1998.07	1327.35
1996.64	1379.84
1995.22	1304.02
1993.8	1293.25
1992.38	1291.26
1990.95	1294.54
1989.53	1306.6
1988.11	1350.26
1986.68	1311.4
1985.26	1274.3
1983.83	1263.55
1982.41	1294.9
1980.98	1270.11
1979.56	1347.06
1978.13	1285.44
1976.71	1358.85
1975.28	1300.75
1973.85	1307.53
1972.43	1361.62
1971	1343.85
1969.57	1320.84
1968.15	1367.89
1966.72	1267.83
1965.29	1346.39
1963.86	1265.63
1962.43	1331.91
1961	1301.92
1959.58	1280.69
1958.15	1283.96
1956.72	1294.22
1955.29	1307.98
1953.86	1290.26
1952.43	1202.63
1951	1289.8
1949.57	1345.48
1948.13	1224.69
1946.7	1311.81
1945.27	1301.1
1943.84	1269.43
1942.41	1272.7
1940.98	1291.67
1939.54	1293.18
1938.11	1306.91
1936.68	1261.31
1935.24	1227.95
1933.81	1269.58
1932.38	1265.86
1930.94	1272.61
1929.51	1300.27
1928.07	1237.3
1926.64	1301.54
1925.2	1289.11
1923.77	1308.04
1922.33	1279.94
1920.9	1267.53
1919.46	1265.56
1918.03	1251.4
1916.59	1226.82
1915.15	1231.82
1913.71	1257.69
1912.28	1207.02
1910.84	1274.62
1909.4	1182.25
1907.96	1263.74
1906.52	1244.39
1905.09	1278.92
1903.65	1303.01
1902.21	1302.78
1900.77	1248.7
1899.33	1314.46
1897.89	1222.21
1896.45	1202.9
1895.01	1253.01
1893.57	1284.02
1892.13	1278.58
1890.68	1240.19
1889.24	1253.84
1887.8	1234.54
1886.36	1234.32
1884.92	1272.23
1883.47	1194.02
1882.03	1263.11
1880.59	1212.64
1879.14	1276.51
1877.7	1198.35
1876.26	1260.47
1874.81	1265.43
1873.37	1211.55
1871.92	1313.43
1870.48	1256.1
1869.03	1262.79
1867.59	1247
1866.14	1220.83
1864.7	1191.22
1863.25	1244.59
1861.8	1175.24
1860.36	1232.05
1858.91	1294.02
1857.46	1176.33
1856.02	1186.48
1854.57	1181.08
1853.12	1255.11
1851.67	1194.47
1850.22	1230.49
1848.77	1250.98
1847.32	1195.54
1845.87	1162.56
1844.43	1243.4
1842.98	1222.48
1841.53	1282.6
1840.07	1116.9
1838.62	1247.67
1837.17	1207.82
1835.72	1235.16
1834.27	1178.1
1832.82	1215.77
1831.37	1194.89
1829.91	1191.23
1828.46	1173.81
1827.01	1134.02
1825.56	1185.43
1824.1	1154.25
1822.65	1152.32
1821.19	1136.64
1819.74	1139.87
1818.29	1225.61
1816.83	1106.8
1815.38	1166.74
1813.92	1202.61
1812.47	1181.78
1811.01	1207.33
1809.55	1210.54
1808.1	1143.37
1806.64	1198.09
1805.19	1132.66
1803.73	1159.91
1802.27	1125.39
1800.81	1198.94
1799.36	1200.44
1797.9	1210.51
1796.44	1119.43
1794.98	1095.23
1793.52	1206.42
1792.06	1146.24
1790.6	1139.18
1789.14	1195.49
1787.68	1150.75
1786.22	1179.65
1784.76	1193.13
1783.3	1131.3
1781.84	1120.83
1780.38	1159.97
1778.92	1223.05
1777.46	1198.89
1775.99	1183.28
1774.53	1201.87
1773.07	1201.66
1771.61	1148.46
1770.14	1144.83
1768.68	1144.63
1767.22	1200.78
1765.75	1174.95
1764.29	1173.03
1762.82	1154.04
1761.36	1193.09
1759.89	1102.42
1758.43	1097.1
1756.96	1137.85
1755.5	1147.88
1754.03	1168.13
1752.57	1091.19
1751.1	1143.84
1749.63	1186.24
1748.17	1136.61
1746.7	1163.66
1745.23	1122.57
1743.76	1156.43
1742.29	1176.65
1740.83	1144.09
1739.36	1137.07
1737.89	1089.21
1736.42	1123.05
1734.95	1141.56
1733.48	1207.69
1732.01	1124.14
1730.54	1106.93
1729.07	1161.13
1727.6	1075.93
1726.13	1097.83
1724.66	1061.95
1723.18	1111.02
1721.71	1117.61
1720.24	1100.43
1718.77	1105.32
1717.3	1157.75
1715.82	1084.55
1714.35	1092.84
1712.88	1160.51
1711.4	1119.59
1709.93	1153.3
1708.45	1151.4
1706.98	1141.01
1705.5	1115.38
1704.03	1071.11
1702.55	1125.14
1701.08	1111.38
1699.6	1111.18
1698.13	1110.98
1696.65	1104
1695.17	1095.34
1693.7	1078.21
1692.22	1088.17
1690.74	1109.97
1689.26	1092.85
1687.79	1068.97
1686.31	1143.19
1684.83	1102.4
1683.35	1115.72
1681.87	1031.01
1680.39	1086.59
1678.91	1140.46
1677.43	1126.73
1675.95	1114.71
1674.47	1107.75
1672.99	1137.94
1671.51	1082.02
1670.03	1144.27
1668.55	1150.81
1667.06	1093.24
1665.58	1160.52
1664.1	1123.2
1662.62	1155.03
1661.13	1153.14
1659.65	1216.98
1658.17	1169.57
1656.68	1191.26
1655.2	1199.47
1653.72	1135.24
1652.23	1124.93
1650.75	1148.3
1649.26	1247.41
1647.78	1117.58
1646.29	1225.08
1644.8	1196.25
1643.32	1243.14
1641.83	1205.91
1640.34	1266.23
1638.86	1163.44
1637.37	1213.65
1635.88	1233.6
1634.4	1255.22
1632.91	1192.83
1631.42	1279.96
1629.93	1219.26
1628.44	1219.04
1626.95	1292.69
1625.46	1300.84
1623.97	1303.96
1622.48	1286.95
1620.99	1263.22
1619.5	1246.22
1618.01	1294.63
1616.52	1274.27
1615.03	1314.27
1613.54	1297.27
1612.05	1328.87
1610.55	1395.65
1609.06	1383.66
1607.57	1370.01
1606.08	1376.46
1604.58	1332.68
1603.09	1407.76
1601.6	1394.12
1600.1	1485.89
1598.61	1555.89
1597.11	1644.25
1595.62	1699.14
1594.12	1723.91
1592.63	1767.06
1591.13	1806.86
1589.64	1783.13
1588.14	1757.74
1586.64	1643.82
1585.15	1611.79
1583.65	1571.41
1582.15	1537.73
1580.65	1457.32
1579.16	1455.39
1577.66	1438.43
1576.16	1434.83
1574.66	1434.57
1573.16	1372.6
1571.66	1367.35
1570.16	1328.75
1568.66	1345.18
1567.16	1294.93
1565.66	1306.36
1564.16	1341.11
1562.66	1270.9
1561.16	1255.68
1559.66	1255.45
1558.16	1240.24
1556.65	1241.68
1555.15	1181.54
1553.65	1186.31
1552.15	1181.11
1550.64	1199.18
1549.14	1162.38
1547.64	1213.71
1546.13	1215.15
1544.63	1170.05
1543.12	1183.13
1541.62	1157.99
1540.11	1156.12
1538.61	1197.43
1537.1	1190.57
1535.6	1122.28
1534.09	1042.4
1532.59	1121.87
1531.08	1110.05
1529.57	1116.48
1528.06	1071.49
1526.56	1122.7
1525.05	1127.47
1523.54	1109.03
1522.03	1133.69
1520.52	1118.57
1519.01	1075.28
1517.51	1091.65
1516	1071.58
1514.49	1086.28
1512.98	1104.29
1511.47	1067.67
1509.96	1059.2
1508.44	1035.84
1506.93	1078.67
1505.42	1070.2
1503.91	1050.16
1502.4	1046.66
1500.89	1066.3
1499.37	1011.56
1497.86	1032.86
1496.35	1044.24
1494.83	991.181
1493.32	1040.55
1491.81	1070.08
1490.29	1045.12
1488.78	1048.23
1487.26	1044.74
1485.75	1059.39
1484.23	1049.3
1482.72	1019.42
1481.2	1010.98
1479.69	1086.65
1478.17	1066.66
1476.65	1035.15
1475.14	1069.57
1473.62	1001.81
1472.1	1036.23
1470.58	1031.09
1469.07	1068.78
1467.55	984.612
1466.03	1046.99
1464.51	1022.11
1462.99	1046.6
1461.47	1059.57
1459.95	1097.21
1458.43	980.236
1456.91	1057.34
1455.39	981.519
1453.87	1048.73
1452.35	999.236
1450.83	1012.2
1449.3	975.868
1447.78	1024.97
1446.26	1011.64
1444.74	1075.49
1443.21	1021.12
1441.69	1006.16
1440.17	1056.84
1438.64	1000.86
1437.12	990.835
1435.6	1041.5
1434.07	1034.75
1432.55	998.485
1431.02	1016.33
1429.5	960.421
1427.97	943.858
1426.45	974.812
1424.92	976.27
1423.39	989.192
1421.87	1039.77
1420.34	987.19
1418.81	1009.92
1417.28	973.734
1415.76	1012.82
1414.23	1050.26
1412.7	1046.8
1411.17	1038.43
1409.64	1007.17
1408.11	1038.04
1406.58	1013.34
1405.05	982.102
1403.52	1014.6
1401.99	1029.11
1400.46	1025.65
1398.93	1038.53
1397.4	997.522
1395.87	956.53
1394.34	1011.84
1392.8	996.969
1391.27	1024.52
1389.74	1045.53
1388.21	1004.57
1386.67	1014.17
1385.14	938.992
1383.6	994.235
1382.07	1031.53
1380.54	990.609
1379	908.976
1377.47	995.129
1375.93	991.688
1374.4	984.992
1372.86	945.744
1371.32	1015.55
1369.79	1023.5
1368.25	1002.16
1366.71	974.323
1365.18	1013.17
1363.64	1050.38
1362.1	1051.81
1360.56	984.98
1359.02	999.423
1357.49	994.364
1355.95	1078.65
1354.41	1091.45
1352.87	1036.03
1351.33	1021.23
1349.79	1064.87
1348.25	1004.62
1346.71	993.077
1345.17	1077.26
1343.62	1020.28
1342.08	1071.99
1340.54	1021.53
1339	1039.17
1337.46	1001.7
1335.91	1008
1334.37	939.758
1332.83	1007.62
1331.28	942.649
1329.74	916.565
1328.2	934.205
1326.65	930.794
1325.11	851.316
1323.56	930.449
1322.02	851.001
1320.47	928.487
1318.93	936.401
1317.38	939.461
1315.83	881.087
1314.29	916.484
1312.74	903.385
1311.19	917.76
1309.65	896.588
1308.1	896.422
1306.55	884.952
1305	870.256
1303.45	828.124
1301.9	824.742
1300.35	876.227
1298.8	871.224
1297.25	880.741
1295.7	893.48
1294.15	946.526
1292.6	836.722
1291.05	862.357
1289.5	852.527
1287.95	857.203
1286.4	902.151
1284.85	832.724
1283.29	877.66
1281.74	851.736
1280.19	838.699
1278.63	856.248
1277.08	849.652
1275.53	794.792
1273.97	772.124
1272.42	817.013
1270.86	818.469
1269.31	850.471
1267.75	856.743
1266.2	827.656
1264.64	769.657
1263.09	840.2
1261.53	796.676
1259.97	825.435
1258.42	757.846
1256.86	796.232
1255.3	775.219
1253.74	815.193
1252.18	819.854
1250.63	781.203
1249.07	832.38
1247.51	796.948
1245.95	814.435
1244.39	814.283
1242.83	778.874
1241.27	788.343
1239.71	829.849
1238.15	829.695
1236.59	759.077
1235.02	797.363
1233.46	763.597
1231.9	784.262
1230.34	771.314
1228.78	755.171
1227.21	833.413
1225.65	750.092
1224.09	767.542
1222.52	778.59
1220.96	784.839
1219.39	757.524
1217.83	723.828
1216.27	760.437
1214.7	805.019
1213.13	777.72
1211.57	761.609
1210	767.852
1208.44	727.808
1206.87	698.948
1205.3	765.828
1203.74	740.162
1202.17	724.075
1200.6	735.103
1199.03	747.72
1197.46	747.58
1195.9	704.411
1194.33	775.983
1192.76	753.535
1191.19	719.945
1189.62	737.329
1188.05	718.085
1186.48	711.583
1184.91	732.141
1183.34	778.153
1181.76	727.095
1180.19	738.094
1178.62	747.499
1177.05	768.031
1175.48	651.83
1173.9	728.006
1172.33	711.978
1170.76	702.311
1169.18	737.13
1167.61	735.404
1166.03	713.034
1164.46	725.603
1162.88	687.369
1161.31	730.094
1159.73	736.305
1158.16	667.945
1156.58	678.924
1155.01	712.102
1153.43	694.527
1151.85	722.934
1150.28	680.002
1148.7	670.366
1147.12	668.656
1145.54	679.62
1143.96	693.748
1142.39	696.786
1140.81	623.824
1139.23	698.108
1137.65	677.403
1136.07	683.606
1134.49	700.881
1132.91	688.095
1131.33	684.804
1129.75	657.795
1128.16	648.186
1126.58	619.613
1125	726.961
1123.42	660.462
1121.84	679.296
1120.25	672.851
1118.67	647.458
1117.09	682.072
1115.5	656.687
1113.92	694.443
1112.33	658.02
1110.75	673.673
1109.16	634.112
1107.58	646.61
1105.99	632.298
1104.41	643.215
1102.82	616.299
1101.24	636.671
1099.65	616.068
1098.06	630.131
1096.47	620.562
1094.89	699.183
1093.3	662.84
1091.71	669.012
1090.12	645.279
1088.53	615.26
1086.94	654.477
1085.36	607.165
1083.77	625.923
1082.18	608.51
1080.59	628.833
1079	649.148
1077.4	609.739
1075.81	633.193
1074.22	554.529
1072.63	621.961
1071.04	628.125
1069.45	645.278
1067.85	642.017
1066.26	619.925
1064.67	629.223
1063.07	621.261
1061.48	625.85
1059.89	588.094
1058.29	592.688
1056.7	583.171
1055.1	672.401
1053.51	623.696
1051.91	618.878
1050.31	610.929
1048.72	645.271
1047.12	618.53
1045.52	640.332
1043.93	607.34
1042.33	600.966
1040.73	596.159
1039.13	585.096
1037.54	620.961
1035.94	608.333
1034.34	614.473
1032.74	615.921
1031.14	645.502
1029.54	645.38
1027.94	629.635
1026.34	667.007
1024.74	602.848
1023.14	641.772
1021.54	636.968
1019.93	638.409
1018.33	628.925
1016.73	603.842
1015.13	634.929
1013.53	661.325
1011.92	665.878
1010.32	656.398
1008.71	606.392
1007.11	657.71
1005.51	665.377
1003.9	660.578
1002.3	641.762
1000.69	682.133
999.086	667.991
