2999.69	4327.81
2998.44	4548.31
2997.19	4567.58
2995.94	4510.69
2994.7	4505.92
2993.45	4563.24
2992.2	4376.2
2990.95	4471.58
2989.7	4498.84
2988.45	4558.13
2987.2	4459.28
2985.96	4468.53
2984.71	4389.73
2983.46	4541.02
2982.21	4472.24
2980.96	4589.47
2979.71	4422.73
2978.45	4399.99
2977.2	4427.22
2975.95	4402.48
2974.7	4501.64
2973.45	4568.79
2972.2	4418.21
2970.95	4539.27
2969.69	4544.49
2968.44	4531.74
2967.19	4483.06
2965.94	4420.43
2964.68	4355.82
2963.43	4440.86
2962.18	4384.25
2960.92	4445.33
2959.67	4492.43
2958.42	4413.91
2957.16	4524.78
2955.91	4466.21
2954.65	4451.5
2953.4	4337.18
2952.14	4382.25
2950.89	4238.11
2949.63	4448.46
2948.38	4374.04
2947.12	4540.5
2945.86	4380.5
2944.61	4417.56
2943.35	4279.53
2942.1	4410.09
2940.84	4457.07
2939.58	4237.57
2938.32	4366.07
2937.07	4383.22
2935.81	4380.48
2934.55	4316.14
2933.29	4426.67
2932.03	4378.24
2930.77	4423.17
2929.52	4408.51
2928.26	4312.46
2927	4349.44
2925.74	4441.98
2924.48	4441.22
2923.22	4295.62
2921.96	4509.13
2920.7	4335.8
2919.44	4418.35
2918.18	4401.73
2916.91	4305.82
2915.65	4293.19
2914.39	4310.3
2913.13	4392.78
2911.87	4255.33
2910.61	4466.54
2909.34	4285.56
2908.08	4393.73
2906.82	4412.78
2905.56	4358.58
2904.29	4387.52
2903.03	4277.94
2901.76	4263.36
2900.5	4292.3
2899.24	4329.14
2897.97	4354.1
2896.71	4444.3
2895.44	4336.8
2894.18	4266.88
2892.91	4378.78
2891.65	4225.91
2890.38	4298.27
2889.12	4350.86
2887.85	4401.45
2886.58	4319.75
2885.32	4299.27
2884.05	4282.75
2882.78	4236.63
2881.52	4301.01
2880.25	4306.19
2878.98	4277.84
2877.71	4312.6
2876.45	4278.35
2875.18	4248.04
2873.91	4355.72
2872.64	4388.47
2871.37	4206.45
2870.1	4247.1
2868.83	4295.61
2867.56	4296.84
2866.29	4132.69
2865.02	4273.72
2863.75	4278.89
2862.48	4217.15
2861.21	4261.68
2859.94	4278.65
2858.67	4273.99
2857.4	4324.38
2856.13	4296.11
2854.86	4287.51
2853.58	4265.16
2852.31	4203.5
2851.04	4247.97
2849.77	4262.96
2848.49	4240.62
2847.22	4192.76
2845.95	4111.54
2844.67	4205.07
2843.4	4267.15
2842.13	4248.76
2840.85	4197.01
2839.58	4237.49
2838.3	4252.45
2837.03	4275.26
2835.75	4398.05
2834.48	4299.27
2833.2	4269.13
2831.93	4190.01
2830.65	4103.07
2829.38	4229.71
2828.1	4270.12
2826.82	4216.51
2825.55	4176.62
2824.27	4166.11
2822.99	4137.99
2821.71	4278.19
2820.44	4130.7
2819.16	4208.25
2817.88	4303.37
2816.6	4155.95
2815.32	4297.98
2814.05	4269.87
2812.77	4185.08
2811.49	4104.23
2810.21	4201.23
2808.93	4108.68
2807.65	4250.57
2806.37	4130.7
2805.09	4139.76
2803.81	4168.33
2802.53	4175.42
2801.25	4120.06
2799.97	4136.91
2798.68	4173.27
2797.4	4194.01
2796.12	4197.18
2794.84	4077.51
2793.56	4180.14
2792.27	4243.75
2790.99	4170.91
2789.71	4133.16
2788.42	4159.73
2787.14	4194.08
2785.86	4158.3
2784.57	4179
2783.29	4098.45
2782.01	4084.12
2780.72	4153.49
2779.44	4090.5
2778.15	4154
2776.87	4034.62
2775.58	4148.68
2774.3	4054.62
2773.01	4092.81
2771.72	4123.21
2770.44	4139.99
2769.15	4082.92
2767.86	4126.9
2766.58	4069.86
2765.29	4183.75
2764	4064.57
2762.72	3966.78
2761.43	4144.7
2760.14	4122.64
2758.85	4118.04
2757.56	4109.57
2756.27	3973.07
2754.99	4168.28
2753.7	4091.93
2752.41	4120.31
2751.12	3980.02
2749.83	4087.88
2748.54	4155
2747.25	4020.59
2745.96	4078.01
2744.67	4050.19
2743.38	4063.05
2742.08	4044.92
2740.79	4137.15
2739.5	4111.27
2738.21	4172.49
2736.92	4032.45
2735.63	4074.32
2734.33	4125.84
2733.04	4096.12
2731.75	4168.89
2730.45	4166.23
2729.16	4159.72
2727.87	4249.83
2726.57	4164.08
2725.28	4259.95
2723.99	4201.27
2722.69	4322.21
2721.4	4298.3
2720.1	4307.21
2718.81	4312.25
2717.51	4446.6
2716.21	4384.09
2714.92	4398.76
2713.62	4425.01
2712.33	4391.46
2711.03	4402.27
2709.73	4428.5
2708.44	4543.39
2707.14	4546.46
2705.84	4667.07
2704.54	4689.38
2703.25	4611.52
2701.95	4695.46
2700.65	4602.22
2699.35	4618.75
2698.05	4612.18
2696.75	4536.32
2695.45	4497.05
2694.16	4467.41
2692.86	4541.66
2691.56	4477.41
2690.26	4311.26
2688.96	4358.58
2687.66	4398.19
2686.35	4312.87
2685.05	4279.45
2683.75	4242.21
2682.45	4235.71
2681.15	4104.37
2679.85	4130.55
2678.55	4054.95
2677.24	3946.75
2675.94	4061.23
2674.64	4123.85
2673.33	3975.4
2672.03	4126.26
2670.73	4018.13
2669.42	4065.38
2668.12	3984.15
2666.82	3994.96
2665.51	3957.85
2664.21	3932.25
2662.9	3893.25
2661.6	3946.22
2660.29	3958.94
2658.99	4002.3
2657.68	3990.12
2656.37	3857.34
2655.07	3961.94
2653.76	3869.39
2652.46	3975.87
2651.15	3988.57
2649.84	3861.64
2648.53	4023.52
2647.23	3883.25
2645.92	3792.73
2644.61	3908.66
2643.3	3900.34
2641.99	3804.13
2640.69	3805.38
2639.38	3728.32
2638.07	3865.17
2636.76	3883.59
2635.45	3873.37
2634.14	3800.17
2632.83	3820.5
2631.52	3754.97
2630.21	3733.33
2628.9	3826.14
2627.59	3815.94
2626.28	3805.75
2624.96	3869.9
2623.65	3770.12
2622.34	3746.59
2621.03	3810.72
2619.72	3800.54
2618.4	3813.21
2617.09	3772.56
2615.78	3735.72
2614.46	3775.05
2613.15	3804.85
2611.84	3773.74
2610.52	3704.59
2609.21	3732.48
2607.89	3819.32
2606.58	3736.89
2605.27	3778.07
2603.95	3729.88
2602.63	3715.93
2601.32	3643.07
2600	3712.74
2598.69	3666.5
2597.37	3736.14
2596.06	3758.28
2594.74	3763.32
2593.42	3673.44
2592.1	3724.05
2590.79	3759.46
2589.47	3768.29
2588.15	3650.02
2586.83	3675.94
2585.52	3749.26
2584.2	3695.52
2582.88	3772.6
2581.56	3631.68
2580.24	3691.69
2578.92	3632.31
2577.6	3745.35
2576.28	3733.33
2574.96	3730.79
2573.64	3694.16
2572.32	3614.01
2571	3704.23
2569.68	3777.39
2568.36	3714.29
2567.04	3747.7
2565.71	3493.59
2564.39	3591.32
2563.07	3741.96
2561.75	3652.46
2560.42	3642.37
2559.1	3641.73
2557.78	3629.76
2556.46	3619.68
2555.13	3719.16
2553.81	3637.31
2552.48	3627.23
2551.16	3592.62
2549.84	3601.43
2548.51	3612.13
2547.19	3603.95
2545.86	3516.54
2544.54	3536.67
2543.21	3632.24
2541.88	3582.58
2540.56	3629.09
2539.23	3492.74
2537.9	3546.78
2536.58	3593.27
2535.25	3607.72
2533.92	3475.23
2532.6	3510.41
2531.27	3534.28
2529.94	3497.89
2528.61	3608.33
2527.28	3607.7
2525.96	3608.96
2524.63	3478.52
2523.3	3534.34
2521.97	3567.57
2520.64	3512.42
2519.31	3607.69
2517.98	3535.63
2516.65	3497.43
2515.32	3540.03
2513.99	3516.87
2512.66	3476.81
2511.33	3427.38
2509.99	3505.64
2508.66	3394.26
2507.33	3436.84
2506	3359.3
2504.67	3583.87
2503.33	3435.04
2502	3530.1
2500.67	3521.98
2499.33	3485.74
2498	3466.39
2496.67	3514.51
2495.33	3461.43
2494	3451.45
2492.66	3482.7
2491.33	3452.12
2489.99	3462.75
2488.66	3473.38
2487.32	3532.68
2485.99	3449.7
2484.65	3439.74
2483.32	3461.6
2481.98	3513.37
2480.64	3495.92
2479.31	3413.03
2477.97	3500.31
2476.63	3473.53
2475.29	3405.63
2473.96	3386.34
2472.62	3408.17
2471.28	3392.63
2469.94	3416.32
2468.6	3432.53
2467.26	3416.99
2465.93	3436.93
2464.59	3341.13
2463.25	3398.4
2461.91	3466.84
2460.57	3451.31
2459.23	3428.32
2457.89	3481.81
2456.55	3365.59
2455.2	3452.62
2453.86	3351.37
2452.52	3434.64
2451.18	3350.19
2449.84	3440.89
2448.5	3334.12
2447.15	3367.05
2445.81	3342.26
2444.47	3337.95
2443.12	3417.4
2441.78	3413.08
2440.44	3412.48
2439.09	3462.11
2437.75	3431.75
2436.41	3325.14
2435.06	3358.03
2433.72	3450.39
2432.37	3256.48
2431.03	3300.51
2429.68	3415.13
2428.33	3330.93
2426.99	3315.49
2425.64	3322.34
2424.3	3308.76
2422.95	3269.19
2421.6	3320.59
2420.26	3344.13
2418.91	3304.58
2417.56	3355.94
2416.21	3346.08
2414.86	3369.6
2413.52	3281.86
2412.17	3361
2410.82	3332.61
2409.47	3341.29
2408.12	3274
2406.77	3301.22
2405.42	3350.65
2404.07	3253.76
2402.72	3325.4
2401.37	3260.02
2400.02	3303.87
2398.67	3344
2397.32	3254.6
2395.97	3326.18
2394.61	3334.84
2393.26	3304.67
2391.91	3331.82
2390.56	3272.08
2389.21	3253.02
2387.85	3278.32
2386.5	3218.62
2385.15	3214.36
2383.79	3271.05
2382.44	3239.08
2381.09	3393.61
2379.73	3287.79
2378.38	3289.06
2377.02	3177.75
2375.67	3184.58
2374.31	3237.51
2372.96	3227.72
2371.6	3221.62
2370.24	3248.71
2368.89	3249.98
2367.53	3240.2
2366.18	3322.55
2364.82	3200.36
2363.46	3271.64
2362.1	3162.4
2360.75	3242.87
2359.39	3172.33
2358.03	3182.82
2356.67	3243
2355.31	3225.87
2353.95	3181.14
2352.6	3171.38
2351.24	3154.27
2349.88	3183.14
2348.52	3136.61
2347.16	3229.81
2345.8	3251.3
2344.44	3274.61
2343.08	3178.5
2341.72	3120.99
2340.35	3175.54
2338.99	3167.64
2337.63	3099.15
2336.27	3186.71
2334.91	3186.15
2333.54	3136.05
2332.18	3091.46
2330.82	3171.63
2329.46	3116.05
2328.09	3181.51
2326.73	3085.61
2325.36	3105.23
2324	3174.33
2322.64	3120.63
2321.27	3063.29
2319.91	3075.57
2318.54	3140.96
2317.18	3059.83
2315.81	3077.6
2314.45	3170.41
2313.08	3151.55
2311.71	3149.17
2310.35	3082.75
2308.98	3100.5
2307.61	3160.3
2306.25	3143.29
2304.88	3080.57
2303.51	3050.78
2302.14	3094.11
2300.77	3100.87
2299.41	3162.44
2298.04	3103.43
2296.67	3079.14
2295.3	3120.59
2293.93	3072.57
2292.56	3079.33
2291.19	3014.91
2289.82	3045.4
2288.45	3108.72
2287.08	3086.28
2285.71	3091.2
2284.34	3063.31
2282.97	2975.26
2281.6	3073.16
2280.22	3087.2
2278.85	2993.72
2277.48	3020.52
2276.11	3149.31
2274.73	3077.73
2273.36	3015.28
2271.99	3042.05
2270.61	2975.99
2269.24	3002.76
2267.87	3129.6
2266.49	3063.55
2265.12	2977.52
2263.74	3038.83
2262.37	3096.47
2260.99	3068.66
2259.62	3060.84
2258.24	3027.59
2256.87	3021.61
2255.49	2910.26
2254.11	2980.58
2252.74	3029.08
2251.36	2972.26
2249.98	3006.23
2248.61	2983.91
2247.23	2996.09
2245.85	3017.33
2244.47	3042.19
2243.09	3010.82
2241.71	2990.34
2240.34	3035.14
2238.96	2898.64
2237.58	2930.75
2236.2	2953.79
2234.82	2958.7
2233.44	3027.02
2232.06	3028.29
2230.68	2946.27
2229.3	3010.92
2227.92	3053.84
2226.53	2975.47
2225.15	2893.51
2223.77	2900.24
2222.39	2984.74
2221.01	2966.13
2219.62	2978.26
2218.24	3028.35
2216.86	2908.51
2215.47	2884.5
2214.09	2967.11
2212.71	2953.94
2211.32	3005.8
2209.94	2940.25
2208.55	2941.53
2207.17	2962.68
2205.78	2922.44
2204.4	2925.53
2203.01	2926.82
2201.63	2904.65
2200.24	2985.3
2198.86	2817.05
2197.47	2951.79
2196.08	2783.6
2194.7	2900.27
2193.31	3009.69
2191.92	2902.84
2190.53	2790.63
2189.15	2997.28
2187.76	2840.07
2186.37	2898.98
2184.98	2963.28
2183.59	2869.15
2182.2	2888.44
2180.81	2925.71
2179.42	2898.21
2178.03	2910.28
2176.64	2877.4
2175.25	2839.13
2173.86	2833.23
2172.47	2832.72
2171.08	2895.12
2169.69	2828.12
2168.3	2971.34
2166.91	2775.03
2165.51	2799.68
2164.12	2847.66
2162.73	2802.27
2161.34	2866.39
2159.94	2908.95
2158.55	2883.31
2157.16	2825.4
2155.76	2839.24
2154.37	2827.98
2152.97	2881.26
2151.58	2757.06
2150.18	2812.13
2148.79	2834.93
2147.39	2900.71
2146	2842.88
2144.6	2802.97
2143.21	2879.47
2141.81	2827.04
2140.41	2737.03
2139.02	2781.28
2137.62	2780.79
2136.22	2816.08
2134.82	2863.87
2133.43	2738.17
2132.03	2735.89
2130.63	2823.01
2129.23	2917.25
2127.83	2693.33
2126.43	2792.91
2125.03	2885.32
2123.63	2734.76
2122.23	2739.63
2120.83	2789.14
2119.43	2702.95
2118.03	2841.69
2116.63	2826.91
2115.23	2763.96
2113.83	2718.86
2112.43	2770.11
2111.03	2728.59
2109.63	2719.19
2108.22	2765.06
2106.82	2805.56
2105.42	2671.4
2104.01	2756.45
2102.61	2784.47
2101.21	2730.53
2099.8	2731.83
2098.4	2686.83
2097	2771.8
2095.59	2611.11
2094.19	2756.57
2092.78	2711.6
2091.38	2686.21
2089.97	2817.35
2088.56	2738.6
2087.16	2672.33
2085.75	2641.63
2084.34	2673.15
2082.94	2713.55
2081.53	2654.43
2080.12	2678.83
2078.72	2657.03
2077.31	2741.8
2075.9	2636.56
2074.49	2682.24
2073.08	2703.06
2071.67	2764.68
2070.27	2588.54
2068.86	2653.71
2067.45	2692.26
2066.04	2702.42
2064.63	2654.07
2063.22	2720.95
2061.81	2720.46
2060.39	2702.26
2058.98	2622.05
2057.57	2749.12
2056.16	2608.72
2054.75	2629.5
2053.34	2676.83
2051.92	2518.82
2050.51	2644.02
2049.1	2524.99
2047.69	2588.23
2046.27	2626.68
2044.86	2590.84
2043.44	2547.94
2042.03	2586.38
2040.62	2638.94
2039.2	2551.88
2037.79	2606.19
2036.37	2542.13
2034.96	2624.69
2033.54	2565.94
2032.12	2549.59
2030.71	2584.44
2029.29	2578.69
2027.88	2638.23
2026.46	2577.76
2025.04	2653.16
2023.62	2486.89
2022.21	2643.39
2020.79	2556.52
2019.37	2596.61
2017.95	2567.95
2016.53	2657.36
2015.11	2581.12
2013.69	2496.11
2012.28	2559.06
2010.86	2581.5
2009.44	2456.03
2008.02	2536.56
2006.59	2425.23
2005.17	2560.29
2003.75	2563.35
2002.33	2478.46
2000.91	2479.77
1999.49	2523.29
1998.07	2485.92
1996.64	2582.15
1995.22	2534.23
1993.8	2565.41
1992.38	2528.05
1990.95	2527.6
1989.53	2493.78
1988.11	2465.24
1986.68	2452.51
1985.26	2441.54
1983.83	2448.12
1982.41	2486.28
1980.98	2512.15
1979.56	2422.25
1978.13	2484.94
1976.71	2502.03
1975.28	2499.83
1973.85	2497.63
1972.43	2572.53
1971	2458.19
1969.57	2378.91
1968.15	2411.77
1966.72	2521.65
1965.29	2505.44
1963.86	2464.73
1962.43	2443.29
1961	2540.84
1959.58	2473.9
1958.15	2413.98
1956.72	2485.26
1955.29	2430.6
1953.86	2512.34
1952.43	2546.85
1951	2448.52
1949.57	2469.05
1948.13	2484.33
1946.7	2436.72
1945.27	2387.38
1943.84	2414.89
1942.41	2423.18
1940.98	2429.73
1939.54	2446.75
1938.11	2388.72
1936.68	2517.39
1935.24	2454.15
1933.81	2376.97
1932.38	2444.55
1930.94	2349.97
1929.51	2325.14
1928.07	2347.38
1926.64	2339.99
1925.2	2377.89
1923.77	2410.56
1922.33	2418.83
1920.9	2380.09
1919.46	2357.03
1918.03	2379.24
1916.59	2401.43
1915.15	2404.48
1913.71	2419.7
1912.28	2412.31
1910.84	2330.14
1909.4	2447.95
1907.96	2357.12
1906.52	2374.07
1905.09	2347.58
1903.65	2388.85
1902.21	2348.47
1900.77	2328.95
1899.33	2368.46
1897.89	2357.62
1896.45	2329.42
1895.01	2322.06
1893.57	2345.94
1892.13	2385.41
1890.68	2362.44
1889.24	2301.31
1887.8	2288.76
1886.36	2368.09
1884.92	2312.2
1883.47	2365.51
1882.03	2347.75
1880.59	2350.79
1879.14	2364.23
1877.7	2256.43
1876.26	2271.61
1874.81	2340.44
1873.37	2286.37
1871.92	2282.49
1870.48	2351.29
1869.03	2255.72
1867.59	2279.53
1866.14	2292.95
1864.7	2296
1863.25	2202.24
1861.8	2238.13
1860.36	2234.27
1858.91	2161.31
1857.46	2281.83
1856.02	2281.42
1854.57	2296.55
1853.12	2280.6
1851.67	2319.89
1850.22	2324.65
1848.77	2253.48
1847.32	2322.08
1845.87	2249.22
1844.43	2266.06
1842.98	2239.78
1841.53	2266.96
1840.07	2251.04
1838.62	2204.1
1837.17	2186.48
1835.72	2289.44
1834.27	2254.58
1832.82	2211.12
1831.37	2193.5
1829.91	2113.92
1828.46	2211.64
1827.01	2237.06
1825.56	2243.53
1824.1	2250.01
1822.65	2179.09
1821.19	2187.29
1819.74	2207.53
1818.29	2164.15
1816.83	2170.64
1815.38	2276.78
1813.92	2212.8
1812.47	2262.22
1811.01	2227.46
1809.55	2170.39
1808.1	2235.24
1806.64	2257.15
1805.19	2126.31
1803.73	2297.51
1802.27	2211.32
1800.81	2212.63
1799.36	2229.38
1797.9	2191.26
1796.44	2170.29
1794.98	2125.33
1793.52	2150.65
1792.06	2258.2
1790.6	2143.02
1789.14	2224.84
1787.68	2143.96
1786.22	2177.81
1784.76	2177.42
1783.3	2074.33
1781.84	2157.8
1780.38	2179.65
1778.92	2174.13
1777.46	2110.45
1775.99	2171.63
1774.53	2179.78
1773.07	2143.49
1771.61	2102.09
1770.14	2111.96
1768.68	2205.54
1767.22	2241.01
1765.75	2184.25
1764.29	2175.31
1762.82	2113.46
1761.36	2102.84
1759.89	2145.12
1758.43	2141.32
1756.96	2159.69
1755.5	2166.12
1754.03	2063.41
1752.57	2086.91
1751.1	2057.55
1749.63	2092.97
1748.17	2075.55
1746.7	2153.54
1745.23	2110.57
1743.76	2122.11
1742.29	2109.8
1740.83	2179.22
1739.36	2044.35
1737.89	2096.74
1736.42	2087.85
1734.95	2095.98
1733.48	2042.87
1732.01	2039.09
1730.54	2110.14
1729.07	2111.46
1727.6	2136.57
1726.13	2081.8
1724.66	2030.45
1723.18	2104.83
1721.71	2043.3
1720.24	2100.66
1718.77	2032.37
1717.3	1609.3
1715.82	1571.67
1714.35	1598.53
1712.88	1572.79
1711.4	1597.95
1709.93	1585.79
1708.45	1612.63
1706.98	1576.74
1705.5	1540.85
1704.03	1572.77
1702.55	1565.71
1701.08	1575.59
1699.6	1558.36
1698.13	1568.24
1696.65	1649.23
1695.17	1560.9
1693.7	1564
1692.22	1607.72
1690.74	1514.36
1689.26	1561.46
1687.79	1608.53
1686.31	1594.71
1684.83	1596.11
1683.35	1570.46
1681.87	1538.06
1680.39	1580.03
1678.91	1571.29
1677.43	1572.7
1675.95	1545.39
1674.47	1587.32
1672.99	1590.41
1671.51	1552.98
1670.03	1562.83
1668.55	1567.6
1667.06	1545.39
1665.58	1541.73
1664.1	1588.67
1662.62	1559.72
1661.13	1630.24
1659.65	1530.49
1658.17	1587.51
1656.68	1572.06
1655.2	1585.25
1653.72	1544.54
1652.23	1579.62
1650.75	1621.43
1649.26	1649.75
1647.78	1651.13
1646.29	1580.15
1644.8	1589.96
1643.32	1645.18
1641.83	1616.29
1640.34	1577.32
1638.86	1560.22
1637.37	1608.68
1635.88	1684.02
1634.4	1668.58
1632.91	1617.88
1631.42	1688.13
1629.93	1617.29
1628.44	1690.87
1626.95	1665.38
1625.46	1680.19
1623.97	1688.27
1622.48	1714.81
1620.99	1714.5
1619.5	1648.77
1618.01	1718.9
1616.52	1745.41
1615.03	1718.27
1613.54	1766.56
1612.05	1761.21
1610.55	1832.94
1609.06	1931.43
1607.57	1967.93
1606.08	2034.55
1604.58	2076.03
1603.09	2037.15
1601.6	2001.63
1600.1	1949.4
1598.61	1845.31
1597.11	1880.1
1595.62	1844.64
1594.12	1797.48
1592.63	1735.3
1591.13	1741.67
1589.64	1729.65
1588.14	1762.75
1586.64	1719
1585.15	1666.9
1583.65	1723.38
1582.15	1723.06
1580.65	1682.68
1579.16	1664.01
1577.66	1615.32
1576.16	1681.76
1574.66	1659.77
1573.16	1667.8
1571.66	1594.13
1570.16	1653.85
1568.66	1643.55
1567.16	1646.58
1565.66	1694.6
1564.16	1596
1562.66	1642.34
1561.16	1665.36
1559.66	1611.77
1558.16	1624.79
1556.65	1581.22
1555.15	1600.9
1553.65	1537.38
1552.15	1553.74
1550.64	1613.33
1549.14	1531.55
1547.64	1521.29
1546.13	1529.33
1544.63	1582.23
1543.12	1560.34
1541.62	1586.63
1540.11	1471.73
1538.61	1569.44
1537.1	1464.55
1535.6	1515.74
1534.09	1510.48
1532.59	1516.85
1531.08	1425.31
1529.57	1580.99
1528.06	1438.05
1526.56	1446.08
1525.05	1452.45
1523.54	1487
1522.03	1483.41
1520.52	1494.74
1519.01	1461.32
1517.51	1437.86
1516	1444.23
1514.49	1372.76
1512.98	1395.68
1511.47	1411.98
1509.96	1401.79
1508.44	1409.81
1506.93	1414.51
1505.42	1396.06
1503.91	1380.91
1502.4	1420.34
1500.89	1496.13
1499.37	1416.52
1497.86	1381.55
1496.35	1425.91
1494.83	1389.31
1493.32	1370.88
1491.81	1370.63
1490.29	1337.36
1488.78	1398.19
1487.26	1353.37
1485.75	1425.73
1484.23	1321.52
1482.72	1388.91
1481.2	1304.55
1479.69	1365.32
1478.17	1358.47
1476.65	1368.11
1475.14	1325.01
1473.62	1362.67
1472.1	1378.89
1470.58	1365.46
1469.07	1375.09
1467.55	1353.43
1466.03	1384.46
1464.51	1377.62
1462.99	1337.87
1461.47	1360.66
1459.95	1335.74
1458.43	1379.9
1456.91	1300.71
1455.39	1351.44
1453.87	1285.44
1452.35	1327.93
1450.83	1372.05
1449.3	1370.16
1447.78	1318.99
1446.26	1374.58
1444.74	1354.62
1443.21	1347.81
1441.69	1382.03
1440.17	1355.52
1438.64	1355.27
1437.12	1323.85
1435.6	1294.08
1434.07	1328.28
1432.55	1369.02
1431.02	1355.66
1429.5	1320.99
1427.97	1356.8
1426.45	1305.76
1424.92	1284.22
1423.39	1308.55
1421.87	1318.13
1420.34	1273.69
1418.81	1325.83
1417.28	1256.85
1415.76	1353.16
1414.23	1321.83
1412.7	1346.12
1411.17	1288.63
1409.64	1321.09
1408.11	1325.76
1406.58	1269.94
1405.05	1271.34
1403.52	1344.63
1401.99	1313.34
1400.46	1241.24
1398.93	1278.57
1397.4	1291.39
1395.87	1282.99
1394.34	1287.65
1392.8	1275.99
1391.27	1339.38
1389.74	1317.93
1388.21	1294.85
1386.67	1268.53
1385.14	1287.85
1383.6	1307.17
1382.07	1220.56
1380.54	1275.73
1379	1280.39
1377.47	1348.55
1375.93	1266.89
1374.4	1235.72
1372.86	1272.93
1371.32	1223.87
1369.79	1256.19
1368.25	1247.82
1366.71	1221.56
1365.18	1314.04
1363.64	1230.87
1362.1	1268.03
1360.56	1323.06
1359.02	1215.56
1357.49	1247.83
1355.95	1284.96
1354.41	1297.72
1352.87	1328.33
1351.33	1204.69
1349.79	1228.82
1348.25	1246.44
1346.71	1215.38
1345.17	1223.27
1343.62	1229.53
1342.08	1227.68
1340.54	1225.83
1339	1212.64
1337.46	1282.11
1335.91	1210.57
1334.37	1205.48
1332.83	1164.76
1331.28	1179.12
1329.74	1193.48
1328.2	1138.21
1326.65	1194.65
1325.11	1152.35
1323.56	1194.21
1322.02	1219.88
1320.47	1175.98
1318.93	1174.14
1317.38	1173.92
1315.83	1178.55
1314.29	1176.72
1312.74	1168.42
1311.19	1143.97
1309.65	1153.45
1308.1	1154.85
1306.55	1135.26
1305	1125.36
1303.45	1115.46
1301.9	1115.26
1300.35	1106.98
1298.8	1153.57
1297.25	1096.89
1295.7	1101.53
1294.15	1075.52
1292.6	1096.28
1291.05	1079.96
1289.5	1103.93
1287.95	1105.34
1286.4	1085.8
1284.85	1074.33
1283.29	1072.52
1281.74	1102.91
1280.19	1149.39
1278.63	1075.14
1277.08	1045.97
1275.53	1052.21
1273.97	1035.93
1272.42	1069.52
1270.86	1019.47
1269.31	1077.16
1267.75	1064.1
1266.2	1043.01
1264.64	1074.95
1263.09	1036.19
1261.53	1005.48
1259.97	1051.87
1258.42	1088.6
1256.86	1051.48
1255.3	1068.94
1253.74	996.525
1252.18	1050.89
1250.63	1008.99
1249.07	971.912
1247.51	1039.08
1245.95	1062.93
1244.39	1046.71
1242.83	1030.49
1241.27	1020.68
1239.71	1009.28
1238.15	1007.49
1236.59	972.068
1235.02	1083.97
1233.46	1043.74
1231.9	977.927
1230.34	1056.16
1228.78	999.962
1227.21	1007.77
1225.65	991.593
1224.09	956.229
1222.52	1016.8
1220.96	1023.01
1219.39	1053.18
1217.83	955.517
1216.27	964.925
1214.7	951.967
1213.13	1038.03
1211.57	994.722
1210	989.747
1208.44	1040.64
1206.87	951.08
1205.3	955.689
1203.74	998.581
1202.17	963.307
1200.6	964.722
1199.03	1007.59
1197.46	978.709
1195.9	932.309
1194.33	906.641
1192.76	965.416
1191.19	970.015
1189.62	922.059
1188.05	990.352
1186.48	972.656
1184.91	943.825
1183.34	975.476
1181.76	957.792
1180.19	936.934
1178.62	914.493
1177.05	957.256
1175.48	1007.95
1173.9	898.086
1172.33	950.363
1170.76	947.008
1169.18	902.349
1167.61	891.062
1166.03	876.603
1164.46	916.134
1162.88	933.424
1161.31	928.489
1159.73	944.184
1158.16	905.93
1156.58	939.072
1155.01	937.311
1153.43	899.079
1151.85	963.912
1150.28	955.807
1148.7	858.956
1147.12	861.964
1145.54	899.824
1143.96	920.246
1142.39	883.651
1140.81	915.152
1139.23	873.823
1137.65	887.904
1136.07	878.243
1134.49	859.094
1132.91	849.442
1131.33	879.332
1129.75	853.868
1128.16	848.965
1126.58	858.29
1125	883.415
1123.42	848.489
1121.84	838.852
1120.25	871.863
1118.67	896.967
1117.09	898.378
1115.5	861.902
1113.92	853.85
1112.33	885.249
1110.75	894.55
1109.16	821.822
1107.58	791.703
1105.99	823.091
1104.41	859.197
1102.82	792.835
1101.24	810.021
1099.65	880.773
1098.06	845.95
1096.47	787.516
1094.89	844.059
1093.3	793.518
1091.71	845.317
1090.12	851.453
1088.53	824.543
1086.94	789.777
1085.36	821.088
1083.77	802.062
1082.18	806.629
1080.59	819.055
1079	847.193
1077.4	799.889
1075.81	832.735
1074.22	769.742
1072.63	824.569
1071.04	805.571
1069.45	786.579
1067.85	792.711
1066.26	834.937
1064.67	781.429
1063.07	765.594
1061.48	784.273
1059.89	820.196
1058.29	754.187
1056.7	829.294
1055.1	847.946
1053.51	783.537
1051.91	788.09
1050.31	794.208
1048.72	770.566
1047.12	828.36
1045.52	803.155
1043.93	738.826
1042.33	802.853
1040.73	757.325
1039.13	779.085
1037.54	758.605
1035.94	777.228
1034.34	816.171
1032.74	798.822
1031.14	756.472
1029.54	787.583
1027.94	804.621
1026.34	790.411
1024.74	815.251
1023.14	790.113
1021.54	793.087
1019.93	828.839
1018.33	745.971
1016.73	783.278
1015.13	755.05
1013.53	784.543
1011.92	770.361
1010.32	770.216
1008.71	757.6
1007.11	807.331
1005.51	800.946
1003.9	774.31
1002.3	820.894
1000.69	803.609
999.086	806.572
