2999.69	1932.38
2998.44	1988.51
2997.19	1960.11
2995.94	1941.74
2994.7	1983.49
2993.45	1967.12
2992.2	1872.65
2990.95	2014.51
2989.7	2020.17
2988.45	1921.74
2987.2	2007.48
2985.96	2021.14
2984.71	2046.81
2983.46	1954.44
2982.21	1866.1
2980.96	1905.78
2979.71	1867.46
2978.45	1901.13
2977.2	2006.74
2975.95	1902.48
2974.7	2016.05
2973.45	1929.8
2972.2	1919.48
2970.95	1953.11
2969.69	1936.8
2968.44	1928.48
2967.19	1992.03
2965.94	1923.83
2964.68	1829.72
2963.43	1957.09
2962.18	1956.76
2960.92	1948.45
2959.67	1896.27
2958.42	2003.6
2957.16	1883.66
2955.91	1889.32
2954.65	1936.82
2953.4	1954.42
2952.14	2015.84
2950.89	1907.95
2949.63	1965.37
2948.38	1951.1
2947.12	2012.47
2945.86	1984.26
2944.61	1950.1
2943.35	1971.65
2942.1	1891.74
2940.84	1988.87
2939.58	1924.9
2938.32	1831.13
2937.07	2001.77
2935.81	1904.04
2934.55	1875.89
2933.29	1923.26
2932.03	1887.17
2930.77	1984.17
2929.52	1906.38
2928.26	1910.03
2927	1877.94
2925.74	1968.92
2924.48	1932.86
2923.22	1956.34
2921.96	2021.47
2920.7	1941.79
2919.44	1971.2
2918.18	1945.09
2916.91	1932.86
2915.65	1958.3
2914.39	1989.67
2913.13	1967.54
2911.87	1951.35
2910.61	1913.38
2909.34	1944.74
2908.08	1989.95
2906.82	1955.95
2905.56	1949.68
2904.29	1899.87
2903.03	1937.14
2901.76	1940.77
2900.5	1867.25
2899.24	1965.81
2897.97	1886.38
2896.71	1866.29
2895.44	1986.55
2894.18	1871.58
2892.91	1849.52
2891.65	1973.67
2890.38	1957.53
2889.12	1838.7
2887.85	1856.15
2886.58	1964.42
2885.32	1936.45
2884.05	1969.67
2882.78	1902.24
2881.52	1929.54
2880.25	1925.26
2878.98	1861.82
2877.71	1900.94
2876.45	1800.06
2875.18	1961.39
2873.91	1896.02
2872.64	1913.43
2871.37	1942.65
2870.1	1885.19
2868.83	1975.47
2867.56	1894.39
2866.29	1880.29
2865.02	1935.08
2863.75	1944.59
2862.48	2013.13
2861.21	1875.06
2859.94	1892.44
2858.67	1882.28
2857.4	1891.79
2856.13	1840.35
2854.86	1908.84
2853.58	1873.13
2852.31	1864.95
2851.04	1966.8
2849.77	1901.63
2848.49	1991.66
2847.22	1902.94
2845.95	1910.47
2844.67	1872.84
2843.4	1870.56
2842.13	1901.64
2840.85	1864.03
2839.58	1932.37
2838.3	1841.81
2837.03	1947.4
2835.75	1929.42
2834.48	1903.6
2833.2	1885.63
2831.93	1922.54
2830.65	1881.07
2829.38	1865.07
2828.1	1890.21
2826.82	1936.89
2825.55	1854.32
2824.27	1924.48
2822.99	1892.83
2821.71	1876.85
2820.44	1872.61
2819.16	1848.81
2817.88	1887.61
2816.6	1838.4
2815.32	1814.62
2814.05	1808.44
2812.77	1853.09
2811.49	1901.63
2810.21	1809.46
2808.93	1873.62
2807.65	1853.77
2806.37	1892.51
2805.09	1880.47
2803.81	1798.14
2802.53	1850.54
2801.25	1826.8
2799.97	1789.41
2798.68	1832.02
2797.4	1876.57
2796.12	1938.66
2794.84	1829.13
2793.56	1854.16
2792.27	1810.95
2790.99	1841.83
2789.71	1822.02
2788.42	1831.45
2787.14	1801.91
2785.86	1836.66
2784.57	1811.03
2783.29	1906.12
2782.01	1833.77
2780.72	1839.29
2779.44	1821.46
2778.15	1862
2776.87	1781.92
2775.58	1828.3
2774.3	1833.82
2773.01	1866.55
2771.72	1837.07
2770.44	1895.07
2769.15	1869.48
2767.86	1913.84
2766.58	1845.52
2765.29	1864.62
2764	1809.93
2762.72	1867.86
2761.43	1896.66
2760.14	1849.75
2758.85	1771.81
2757.56	1940.31
2756.27	1899.23
2754.99	1844.6
2753.7	1976.15
2752.41	1863.35
2751.12	1866.91
2749.83	1924.73
2748.54	1852.7
2747.25	1918.26
2745.96	1902.43
2744.67	1871.11
2743.38	1954.06
2742.08	1975.02
2740.79	1914.66
2739.5	1966.6
2738.21	1981.74
2736.92	2006.55
2735.63	1986.86
2734.33	1943.96
2733.04	2042.26
2731.75	1987.76
2730.45	2031.89
2729.16	2043.13
2727.87	2123.95
2726.57	2117.79
2725.28	2185.04
2723.99	2115.12
2722.69	2149.52
2721.4	2222.52
2720.1	2241.45
2718.81	2318.27
2717.51	2362.26
2716.21	2412.02
2714.92	2425.11
2713.62	2474.84
2712.33	2480.2
2711.03	2502.91
2709.73	2571.88
2708.44	2583.01
2707.14	2690.49
2705.84	2676.53
2704.54	2728.09
2703.25	2664.05
2701.95	2673.22
2700.65	2711.27
2699.35	2639.56
2698.05	2637.18
2696.75	2532.8
2695.45	2576.62
2694.16	2645.43
2692.86	2460.31
2691.56	2567.59
2690.26	2461.38
2688.96	2360.98
2687.66	2320.2
2686.35	2394.75
2685.05	2309.79
2683.75	2219.09
2682.45	2159.15
2681.15	2208.72
2679.85	2185.29
2678.55	2129.23
2677.24	2077.04
2675.94	2036.37
2674.64	2074.4
2673.33	2012.64
2672.03	1912.54
2670.73	1958.24
2669.42	1988.58
2668.12	1869.37
2666.82	1842.21
2665.51	1930.05
2664.21	1902.89
2662.9	1806.76
2661.6	1879.24
2660.29	1832.95
2658.99	1878.59
2657.68	1826.57
2656.37	1876.02
2655.07	1873.79
2653.76	1817.96
2652.46	1765.99
2651.15	1886.2
2649.84	1740.51
2648.53	1738.3
2647.23	1841.24
2645.92	1749.17
2644.61	1754.6
2643.3	1733.27
2641.99	1725.33
2640.69	1759.41
2639.38	1757.2
2638.07	1764.53
2636.76	1783.32
2635.45	1750.56
2634.14	1736.89
2632.83	1734.68
2631.52	1808.79
2630.21	1768.42
2628.9	1712.8
2627.59	1672.45
2626.28	1794.19
2624.96	1668.06
2623.65	1738.29
2622.34	1760.86
2621.03	1745.31
2619.72	1665
2618.4	1710.42
2617.09	1687.27
2615.78	1726.96
2614.46	1665.74
2613.15	1701.62
2611.84	1737.48
2610.52	1790.46
2609.21	1719.76
2607.89	1633.86
2606.58	1724.86
2605.27	1722.66
2603.95	1758.48
2602.63	1737.27
2601.32	1700.86
2600	1704.36
2598.69	1633.78
2597.37	1639.19
2596.06	1619.92
2594.74	1718.37
2593.42	1672.51
2592.1	1677.91
2590.79	1745.94
2589.47	1637.48
2588.15	1654.27
2586.83	1752.61
2585.52	1706.8
2584.2	1657.2
2582.88	1730.85
2581.56	1637.67
2580.24	1688.55
2578.92	1676.89
2577.6	1661.44
2576.28	1644.1
2574.96	1628.67
2573.64	1673.83
2572.32	1631.89
2571	1631.6
2569.68	1648.35
2568.36	1640.5
2567.04	1621.29
2565.71	1656.95
2564.39	1671.79
2563.07	1607.21
2561.75	1674.99
2560.42	1648.23
2559.1	1598.81
2557.78	1676
2556.46	1615.26
2555.13	1563.97
2553.81	1584.48
2552.48	1623.85
2551.16	1663.21
2549.84	1651.6
2548.51	1585.26
2547.19	1518.94
2545.86	1594.14
2544.54	1693.83
2543.21	1589.81
2541.88	1663.07
2540.56	1841.88
2539.23	1673.8
2537.9	1558.55
2536.58	1580.89
2535.25	1595.68
2533.92	1666.98
2532.6	1578.18
2531.27	1602.38
2529.94	1603.98
2528.61	1667.7
2527.28	1595.9
2525.96	1591.85
2524.63	1651.78
2523.3	1659.01
2521.97	1474.42
2520.64	1538.09
2519.31	1599.87
2517.98	1588.31
2516.65	1612.46
2515.32	1664.79
2513.99	1576.2
2512.66	1566.54
2511.33	1575.65
2509.99	1577.26
2508.66	1567.59
2507.33	1649.91
2506	1499.49
2504.67	1621.19
2503.33	1587.14
2502	1463.06
2500.67	1569.7
2499.33	1621.93
2498	1582.28
2496.67	1563.26
2495.33	1540.49
2494	1560.84
2492.66	1590.54
2491.33	1605.24
2489.99	1571.25
2488.66	1567.23
2487.32	1563.22
2485.99	1568.56
2484.65	1603.84
2483.32	1538.07
2481.98	1565.86
2480.64	1606.74
2479.31	1533.52
2477.97	1606.18
2476.63	1531.12
2475.29	1573.84
2473.96	1541.8
2472.62	1565.82
2471.28	1507.63
2469.94	1557.8
2468.6	1477.22
2467.26	1546.05
2465.93	1594.32
2464.59	1543.64
2463.25	1534.04
2461.91	1580.42
2460.57	1526.04
2459.23	1589.19
2457.89	1631.81
2456.55	1583.04
2455.2	1564.12
2453.86	1571.3
2452.52	1561.71
2451.18	1555.85
2449.84	1488.51
2448.5	1523.64
2447.15	1609.03
2445.81	1605.03
2444.47	1545.17
2443.12	1554.21
2441.78	1596.74
2440.44	1503.43
2439.09	1564.56
2437.75	1528.94
2436.41	1506.36
2435.06	1519.11
2433.72	1563.46
2432.37	1505.56
2431.03	1486.72
2429.68	1499.46
2428.33	1512.2
2426.99	1545.37
2425.64	1459.67
2424.3	1542.97
2422.95	1615.1
2421.6	1599.97
2420.26	1449.37
2418.91	1499.21
2417.56	1506.37
2416.21	1552.48
2414.86	1505.84
2413.52	1501.87
2412.17	1492.34
2410.82	1519.88
2409.47	1489.96
2408.12	1523.05
2406.77	1507.96
2405.42	1479.91
2404.07	1540.77
2402.72	1523.83
2401.37	1493.94
2400.02	1547.36
2398.67	1567.44
2397.32	1524.61
2395.97	1572.44
2394.61	1463.04
2393.26	1529.36
2391.91	1469.92
2390.56	1434.54
2389.21	1449.07
2387.85	1509.8
2386.5	1413.46
2385.15	1485.26
2383.79	1525.63
2382.44	1529.05
2381.09	1514.01
2379.73	1506.36
2378.38	1447.04
2377.02	1502.14
2375.67	1442.84
2374.31	1475.79
2372.96	1473.69
2371.6	1434.7
2370.24	1504.51
2368.89	1460
2367.53	1496.61
2366.18	1483.45
2364.82	1536.62
2363.46	1427.66
2362.1	1526.87
2360.75	1469.51
2359.39	1482.14
2358.03	1400.88
2356.67	1439.29
2355.31	1468.48
2353.95	1455.34
2352.6	1455.08
2351.24	1476.9
2349.88	1467.44
2348.52	1424.9
2347.16	1549.65
2345.8	1497.91
2344.44	1473.76
2343.08	1405.52
2341.72	1388.74
2340.35	1397.68
2338.99	1458.03
2337.63	1411.88
2336.27	1437.33
2334.91	1435.24
2333.54	1418.47
2332.18	1449.41
2330.82	1416.13
2329.46	1445.23
2328.09	1452.31
2326.73	1422.72
2325.36	1501.29
2324	1490.03
2322.64	1405.48
2321.27	1473.02
2319.91	1392.16
2318.54	1443.19
2317.18	1428.29
2315.81	1482.96
2314.45	1374.7
2313.08	1401.91
2311.71	1441.92
2310.35	1394.1
2308.98	1393.85
2307.61	1399.09
2306.25	1429.93
2304.88	1369.35
2303.51	1345.34
2302.14	1467.55
2300.77	1410.65
2299.41	1446.94
2298.04	1430.24
2296.67	1327.72
2295.3	1449.82
2293.93	1420.36
2292.56	1476.69
2291.19	1396.13
2289.82	1479.82
2288.45	1397.46
2287.08	1433.7
2285.71	1426.15
2284.34	1433.19
2282.97	1412.88
2281.6	1363.42
2280.22	1436.08
2278.85	1426.71
2277.48	1402.78
2276.11	1460.81
2274.73	1376.78
2273.36	1422.06
2271.99	1418.17
2270.61	1432.48
2269.24	1423.13
2267.87	1433.79
2266.49	1389.88
2265.12	1456.93
2263.74	1367.56
2262.37	1407.32
2260.99	1414.35
2259.62	1335.94
2258.24	1368.41
2256.87	1455.39
2255.49	1420.61
2254.11	1373.14
2252.74	1412.85
2251.36	1416.23
2249.98	1390.56
2248.61	1435.69
2247.23	1382.81
2245.85	1362.61
2244.47	1411.35
2243.09	1434.67
2241.71	1332.87
2240.34	1330.82
2238.96	1305.2
2237.58	1357.53
2236.2	1413.47
2234.82	1391.48
2233.44	1371.31
2232.06	1381.93
2230.68	1341.85
2229.3	1305.4
2227.92	1321.46
2226.53	1351.99
2225.15	1349.94
2223.77	1441.98
2222.39	1360.32
2221.01	1358.27
2219.62	1426.74
2218.24	1289.08
2216.86	1409.97
2215.47	1348.27
2214.09	1387.78
2212.71	1432.71
2211.32	1360.2
2209.94	1414.14
2208.55	1303.74
2207.17	1417.25
2205.78	1371.87
2204.4	1366.21
2203.01	1400.25
2201.63	1365.73
2200.24	1304.15
2198.86	1359.83
2197.47	1355.98
2196.08	1377.38
2194.7	1384.34
2193.31	1290.38
2191.92	1374.84
2190.53	1318.75
2189.15	1345.53
2187.76	1336.29
2186.37	1291.04
2184.98	1404.23
2183.59	1268.98
2182.2	1329.94
2180.81	1381.89
2179.42	1261.11
2178.03	1345.42
2176.64	1314.61
2175.25	1337.75
2173.86	1308.75
2172.47	1297.73
2171.08	1358.6
2169.69	1374.53
2168.3	1313.21
2166.91	1268.07
2165.51	1298.38
2164.12	1335.85
2162.73	1324.84
2161.34	1259.99
2159.94	1281.3
2158.55	1343.87
2157.16	1320.31
2155.76	1325.46
2154.37	1282.18
2152.97	1276.58
2151.58	1355.23
2150.18	1356.78
2148.79	1302.78
2147.39	1324.04
2146	1339.93
2144.6	1271.63
2143.21	1287.52
2141.81	1305.2
2140.41	1283.49
2139.02	1263.57
2137.62	1268.71
2136.22	1316.79
2134.82	1234.27
2133.43	1346.73
2132.03	1246.35
2130.63	1265.8
2129.23	1295.96
2127.83	1322.54
2126.43	1333.02
2125.03	1348.86
2123.63	1320.04
2122.23	1325.17
2120.83	1364.21
2119.43	1296.13
2118.03	1279.83
2116.63	1265.33
2115.23	1323.99
2113.83	1280.93
2112.43	1275.35
2111.03	1298.31
2109.63	1330.18
2108.22	1322.81
2106.82	1270.88
2105.42	1292.04
2104.01	1273.99
2102.61	1280.89
2101.21	1243.26
2099.8	1282.21
2098.4	1317.6
2097	1340.5
2095.59	1324.25
2094.19	1236.81
2092.78	1320.21
2091.38	1401.81
2089.97	1280.61
2088.56	1291.06
2087.16	1274.82
2085.75	1239.04
2084.34	1347.24
2082.94	1261.7
2081.53	1270.36
2080.12	1280.79
2078.72	1259.25
2077.31	1276.78
2075.9	1335.14
2074.49	1210.65
2073.08	1198.01
2071.67	1279.42
2070.27	1245.48
2068.86	1216.88
2067.45	1250.36
2066.04	1329.93
2064.63	1246.37
2063.22	1246.14
2061.81	1235.29
2060.39	1305.94
2058.98	1323.43
2057.57	1301.93
2056.16	1255.66
2054.75	1283.76
2053.34	1276.45
2051.92	1235.51
2050.51	1205.2
2049.1	1215.61
2047.69	1250.77
2046.27	1195.71
2044.86	1255.63
2043.44	1267.78
2042.03	1186.23
2040.62	1237.28
2039.2	1268.87
2037.79	1166.16
2036.37	1234.85
2034.96	1220.5
2033.54	1220.28
2032.12	1237.72
2030.71	1232.2
2029.29	1260.22
2027.88	1194.7
2026.46	1263.3
2025.04	1171.34
2023.62	1254.03
2022.21	1266.15
2020.79	1213.03
2019.37	1241.01
2017.95	1207.31
2016.53	1118.98
2015.11	1201.59
2013.69	1148.53
2012.28	1192.35
2010.86	1220.31
2009.44	1241.22
2008.02	1165.31
2006.59	1210.86
2005.17	1164.89
2003.75	1145.33
2002.33	1192.62
2000.91	1213.51
1999.49	1202.74
1998.07	1184.94
1996.64	1124.97
1995.22	1210.88
1993.8	1205.39
1992.38	1282.47
1990.95	1204.96
1989.53	1183.67
1988.11	1100.93
1986.68	1183.24
1985.26	1133.88
1983.83	1161.76
1982.41	1196.64
1980.98	1198.18
1979.56	1141.84
1978.13	1201.26
1976.71	1180.01
1975.28	1185.05
1973.85	1186.59
1972.43	1142.57
1971	1117.84
1969.57	1233.25
1968.15	1176.98
1966.72	1152.26
1965.29	1230.84
1963.86	1185.1
1962.43	1265.4
1961	1167.18
1959.58	1131.98
1958.15	1158.01
1956.72	1227.76
1955.29	1166.34
1953.86	1167.88
1952.43	1146.69
1951	1188.43
1949.57	1198.7
1948.13	1149.57
1946.7	1156.35
1945.27	1199.8
1943.84	1180.38
1942.41	1166.2
1940.98	1174.72
1939.54	1178
1938.11	1200.47
1936.68	1172.34
1935.24	1159.92
1933.81	1198.08
1932.38	1250.17
1930.94	1145.35
1929.51	1148.63
1928.07	1188.5
1926.64	1238.82
1925.2	1182.85
1923.77	1210.5
1922.33	1116.25
1920.9	1180.47
1919.46	1124.55
1918.03	1126.09
1916.59	1058.02
1915.15	1160.48
1913.71	1160.27
1912.28	1161.8
1910.84	1154.64
1909.4	1119.66
1907.96	1128.15
1906.52	1206.15
1905.09	1143.38
1903.65	1118.85
1902.21	1210.71
1900.77	1123.66
1899.33	1147.77
1897.89	1151.03
1896.45	1199.43
1895.01	1121.12
1893.57	1124.38
1892.13	1134.59
1890.68	1103.16
1889.24	1184.47
1887.8	1147.85
1886.36	1159.78
1884.92	1157.83
1883.47	1195.75
1882.03	1082.91
1880.59	1152.01
1879.14	1160.46
1877.7	1172.38
1876.26	1104.64
1874.81	1144.26
1873.37	1086.93
1871.92	1062.51
1870.48	1136.72
1869.03	1084.62
1867.59	1067.12
1866.14	1143.02
1864.7	1099.59
1863.25	1095.93
1861.8	1157.95
1860.36	1171.57
1858.91	1110.89
1857.46	1067.5
1856.02	1105.31
1854.57	1136.19
1853.12	1096.28
1851.67	1128.87
1850.22	1116.59
1848.77	1118.11
1847.32	1092.03
1845.87	1043.54
1844.43	1108.88
1842.98	1067.3
1841.53	1127.45
1840.07	1092.77
1838.62	1159.78
1837.17	1030.35
1835.72	1085.29
1834.27	1076.48
1832.82	1074.56
1831.37	1060.6
1829.91	1072.45
1828.46	1084.31
1827.01	1099.6
1825.56	1071.87
1824.1	1052.76
1822.65	1076.64
1821.19	1145.23
1819.74	1074.54
1818.29	1107
1816.83	1099.93
1815.38	1048.18
1813.92	1144.2
1812.47	1064.98
1811.01	1063.07
1809.55	1045.7
1808.1	1023.2
1806.64	1005.85
1805.19	1053.72
1803.73	1132.45
1802.27	1082.5
1800.81	1101.17
1799.36	1124.98
1797.9	1076.77
1796.44	1037.14
1794.98	1086.66
1793.52	1117.31
1792.06	1053.71
1790.6	1032.97
1789.14	1103
1787.68	1063.42
1786.22	1130
1784.76	1093.84
1783.3	1086.8
1781.84	1120.83
1780.38	1072.72
1778.92	1087.92
1777.46	1053.52
1775.99	1049.91
1774.53	1029.2
1773.07	1095.68
1771.61	1117.7
1770.14	1032.06
1768.68	1040.41
1767.22	1057.31
1765.75	1053.7
1764.29	1039.85
1762.82	1084.04
1761.36	1078.73
1759.89	1085.36
1758.43	1062.98
1756.96	1045.73
1755.5	1093.3
1754.03	1057.29
1752.57	1034.93
1751.1	1039.86
1749.63	1046.48
1748.17	1075.26
1746.7	1052.92
1745.23	1097.02
1743.76	1040.62
1742.29	999.559
1740.83	1047.05
1739.36	1050.26
1737.89	1022.84
1736.42	1117.94
1734.95	1058.2
1733.48	1044.4
1732.01	1032.3
1730.54	1047.42
1729.07	1115.23
1727.6	1096.33
1726.13	1106.33
1724.66	1041.56
1723.18	1095.73
1721.71	1053.07
1720.24	1066.46
1718.77	1023.82
1717.3	1093.24
1715.82	1030.24
1714.35	987.63
1712.88	1021.38
1711.4	1014.41
1709.93	1078.68
1708.45	1053.04
1706.98	961.301
1705.5	1013.67
1704.03	1052.47
1702.55	1048.89
1701.08	1055.48
1699.6	1087.47
1698.13	1055.09
1696.65	1080.3
1695.17	998.841
1693.7	1090.06
1692.22	1083.09
1690.74	998.295
1689.26	1016.72
1687.79	1090.96
1686.31	1038.34
1684.83	1056.75
1683.35	1017.67
1681.87	1046.22
1680.39	1051.1
1678.91	1096.53
1677.43	1070.99
1675.95	1031.95
1674.47	1077.35
1672.99	1068.71
1671.51	1048.26
1670.03	1054.82
1668.55	1106.94
1667.06	1071.31
1665.58	1141.96
1664.1	1136.69
1662.62	1101.08
1661.13	1063.79
1659.65	1147.87
1658.17	1137.55
1656.68	1115.44
1655.2	1103.44
1653.72	1089.77
1652.23	1146.82
1650.75	1112.94
1649.26	1099.27
1647.78	1097.39
1646.29	1108.97
1644.8	1142.41
1643.32	1209.49
1641.83	1231.14
1640.34	1210.73
1638.86	1156.71
1637.37	1225.42
1635.88	1258.81
1634.4	1238.42
1632.91	1211.31
1631.42	1256.44
1629.93	1325.07
1628.44	1276.13
1626.95	1272.54
1625.46	1302.52
1623.97	1307.32
1622.48	1352.38
1620.99	1280
1619.5	1372.02
1618.01	1363.38
1616.52	1405.05
1615.03	1423.23
1613.54	1317.38
1612.05	1394.22
1610.55	1447.58
1609.06	1516
1607.57	1627.94
1606.08	1649.41
1604.58	1670.87
1603.09	1832.94
1601.6	1922.98
1600.1	1847.33
1598.61	1853.68
1597.11	1789.78
1595.62	1737.61
1594.12	1728.93
1592.63	1670.1
1591.13	1592.91
1589.64	1492.35
1588.14	1528.83
1586.64	1445.03
1585.15	1488.19
1583.65	1449.51
1582.15	1394.14
1580.65	1407.24
1579.16	1417
1577.66	1343.32
1576.16	1466.53
1574.66	1352.83
1573.16	1355.92
1571.66	1359.01
1570.16	1323.75
1568.66	1310.17
1567.16	1319.93
1565.66	1331.35
1564.16	1277.8
1562.66	1290.89
1561.16	1288.99
1559.66	1268.77
1558.16	1275.2
1556.65	1289.94
1555.15	1259.75
1553.65	1259.52
1552.15	1264.28
1550.64	1252.41
1549.14	1217.26
1547.64	1205.4
1546.13	1248.39
1544.63	1188.33
1543.12	1203.07
1541.62	1227.77
1540.11	1171.07
1538.61	1159.23
1537.1	1144.07
1535.6	1178.73
1534.09	1141.99
1532.59	1138.46
1531.08	1148.21
1529.57	1172.88
1528.06	1146.13
1526.56	1097.83
1525.05	1188.82
1523.54	1130.58
1522.03	1156.89
1520.52	1110.28
1519.01	1153.15
1517.51	1136.38
1516	1071.58
1514.49	1097.87
1512.98	1066.22
1511.47	1087.54
1509.96	1133.68
1508.44	1107
1506.93	1116.72
1505.42	1091.7
1503.91	1074.96
1502.4	1054.92
1500.89	1026.63
1499.37	1054.54
1497.86	1079.13
1496.35	1077.28
1494.83	1111.77
1493.32	1038.9
1491.81	1025.5
1490.29	998.89
1488.78	1033.37
1487.26	1048.04
1485.75	1047.84
1484.23	1059.2
1482.72	1016.12
1481.2	1063.76
1479.69	1035.53
1478.17	1033.69
1476.65	987.348
1475.14	977.278
1473.62	1008.41
1472.1	1093.89
1470.58	981.68
1469.07	1062.19
1467.55	996.138
1466.03	979.492
1464.51	1061.61
1462.99	1012.04
1461.47	1044.76
1459.95	1010.03
1458.43	1023
1456.91	1054.05
1455.39	1052.21
1453.87	994.489
1452.35	1050.18
1450.83	984.263
1449.3	1041.58
1447.78	993.756
1446.26	1042.84
1444.74	1039.37
1443.21	1037.53
1441.69	1022.57
1440.17	1017.46
1438.64	1009.07
1437.12	1049.89
1435.6	1025.1
1434.07	1031.47
1432.55	1036.19
1431.02	976.991
1429.5	1024.34
1427.97	1053.65
1426.45	1019.05
1424.92	1063.09
1423.39	1020.31
1421.87	1007.02
1420.34	1067.41
1418.81	1024.66
1417.28	1024.47
1415.76	1022.64
1414.23	1030.63
1412.7	968.288
1411.17	1071.13
1409.64	1003.9
1408.11	1021.7
1406.58	977.38
1405.05	1040.93
1403.52	1088.12
1401.99	1034.01
1400.46	1035.45
1398.93	1049.96
1397.4	1059.56
1395.87	1023.45
1394.34	1072.23
1392.8	970.862
1391.27	1032.68
1389.74	1042.27
1388.21	1040.45
1386.67	1038.63
1385.14	1009.09
1383.6	1008.9
1382.07	966.348
1380.54	1041.12
1379	977.394
1377.47	1027.7
1375.93	988.431
1374.4	1019.18
1372.86	1014.11
1371.32	1013.92
1369.79	1047.91
1368.25	1065.61
1366.71	1091.44
1365.18	1068.47
1363.64	1074.77
1362.1	1058.32
1360.56	1119.89
1359.02	1061.18
1357.49	1095.1
1355.95	1013.67
1354.41	1071.96
1352.87	1024.67
1351.33	1071.56
1349.79	1064.87
1348.25	1014.36
1346.71	1077.46
1345.17	1039.94
1343.62	1073.81
1342.08	992.525
1340.54	997.206
1339	938.659
1337.46	996.837
1335.91	926.967
1334.37	967.303
1332.83	955.784
1331.28	991.239
1329.74	961.907
1328.2	942.3
1326.65	964.788
1325.11	919.292
1323.56	927.213
1322.02	943.219
1320.47	910.693
1318.93	876.562
1317.38	947.546
1315.83	871.387
1314.29	903.553
1312.74	898.537
1311.19	943.612
1309.65	972.516
1308.1	906.113
1306.55	863.958
1305	897.704
1303.45	857.181
1301.9	858.636
1300.35	885.909
1298.8	863.157
1297.25	880.741
1295.7	857.999
1294.15	857.839
1292.6	865.741
1291.05	863.968
1289.5	907.321
1287.95	865.259
1286.4	840.934
1284.85	850.442
1283.29	861.556
1281.74	846.906
1280.19	878.944
1278.63	854.639
1277.08	839.997
1275.53	863.974
1273.97	876.683
1272.42	821.838
1270.86	818.469
1269.31	808.671
1267.75	855.135
1266.2	774.621
1264.64	829.109
1263.09	854.659
1261.53	814.345
1259.97	815.799
1258.42	777.113
1256.86	829.944
1255.3	841.024
1253.74	831.24
1252.18	843.92
1250.63	792.432
1249.07	782.662
1247.51	825.811
1245.95	825.657
1244.39	775.813
1242.83	753.232
1241.27	813.98
1239.71	736.932
1238.15	792.855
1236.59	787.903
1235.02	781.352
1233.46	725.177
1231.9	734.646
1230.34	760.113
1228.78	782.37
1227.21	815.817
1225.65	786.877
1224.09	772.339
1222.52	815.361
1220.96	741.681
1219.39	807.067
1217.83	784.547
1216.27	760.437
1214.7	765.087
1213.13	780.914
1211.57	780.769
1210	739.118
1208.44	742.172
1206.87	817.035
1205.3	776.996
1203.74	770.471
1202.17	792.655
1200.6	766.994
1199.03	733.371
1197.46	739.61
1195.9	682.1
1194.33	748.895
1192.76	761.5
1191.19	743.837
1189.62	729.366
1188.05	714.9
1186.48	807.097
1184.91	763.973
1183.34	754.283
1181.76	693.683
1180.19	688.782
1178.62	725.233
1177.05	693.295
1175.48	697.935
1173.9	731.185
1172.33	646.819
1170.76	748.391
1169.18	708.535
1167.61	694.107
1166.03	714.622
1164.46	743.068
1162.88	698.481
1161.31	677.717
1159.73	695.046
1158.16	702.849
1156.58	656.716
1155.01	743.822
1153.43	689.77
1151.85	691.226
1150.28	695.853
1148.7	679.875
1147.12	674.994
1145.54	689.126
1143.96	719.091
1142.39	655.612
1140.81	674.489
1139.23	675.946
1137.65	704.309
1136.07	680.441
1134.49	664.492
1132.91	623.24
1131.33	678.478
1129.75	646.726
1128.16	662.414
1126.58	637
1125	611.595
1123.42	676.263
1121.84	595.569
1120.25	668.113
1118.67	631.667
1117.09	648.916
1115.5	653.53
1113.92	653.408
1112.33	632.772
1110.75	662.629
1109.16	635.69
1107.58	692.346
1105.99	607.069
1104.41	641.639
1102.82	639.942
1101.24	622.487
1099.65	630.249
1098.06	647.459
1096.47	563.861
1094.89	617.297
1093.3	658.116
1091.71	618.639
1090.12	675.182
1088.53	667.188
1086.94	600.986
1085.36	633.905
1083.77	630.641
1082.18	594.358
1080.59	616.256
1079	642.861
1077.4	614.453
1075.81	642.62
1074.22	615.794
1072.63	612.537
1071.04	588.867
1069.45	580.907
1067.85	561.961
1066.26	566.564
1064.67	586.856
1063.07	614.985
1061.48	625.85
1059.89	611.618
1058.29	630.319
1056.7	627.065
1055.1	606.572
1053.51	614.293
1051.91	590.676
1050.31	592.132
1048.72	606.116
1047.12	607.568
1045.52	616.848
1043.93	622.993
1042.33	571.231
1040.73	582.076
1039.13	621.078
1037.54	661.628
1035.94	666.196
1034.34	642.617
1032.74	562.771
1031.14	597.05
1029.54	626.628
1027.94	556.204
1026.34	681.065
1024.74	634.084
1023.14	576.189
1021.54	613.55
1019.93	582.216
1018.33	635.168
1016.73	624.126
1015.13	667.689
1013.53	639.488
1011.92	662.76
1010.32	595.592
1008.71	642.245
1007.11	646.8
1005.51	680.96
1003.9	662.136
1002.3	663.569
1000.69	626.067
999.086	646.191
